 -1.00000000E+00  6.12942932E-07 -7.45230173E+02  2.92547449E-01
 -9.98665777E-01  6.53958975E-07 -7.38557313E+02  3.06298921E-01
 -9.97331554E-01  6.96167691E-07 -7.32319636E+02  3.20300675E-01
 -9.95997332E-01  7.39589275E-07 -7.26464117E+02  3.34554807E-01
 -9.94663109E-01  7.84244146E-07 -7.20946267E+02  3.49063415E-01
 -9.93328886E-01  8.30152949E-07 -7.15728468E+02  3.63828606E-01
 -9.91994663E-01  8.77336554E-07 -7.10778693E+02  3.78852486E-01
 -9.90660440E-01  9.25816062E-07 -7.06069497E+02  3.94137170E-01
 -9.89326217E-01  9.75612803E-07 -7.01577215E+02  4.09684777E-01
 -9.87991995E-01  1.02674834E-06 -6.97281334E+02  4.25497427E-01
 -9.86657772E-01  1.07924447E-06 -6.93163976E+02  4.41577249E-01
 -9.85323549E-01  1.13312322E-06 -6.89209486E+02  4.57926374E-01
 -9.83989326E-01  1.18840687E-06 -6.85404092E+02  4.74546937E-01
 -9.82655103E-01  1.24511791E-06 -6.81735626E+02  4.91441079E-01
 -9.81320881E-01  1.30327911E-06 -6.78193296E+02  5.08610945E-01
 -9.79986658E-01  1.36291346E-06 -6.74767493E+02  5.26058681E-01
 -9.78652435E-01  1.42404419E-06 -6.71449630E+02  5.43786442E-01
 -9.77318212E-01  1.48669478E-06 -6.68232009E+02  5.61796383E-01
 -9.75983989E-01  1.55088897E-06 -6.65107705E+02  5.80090665E-01
 -9.74649767E-01  1.61665075E-06 -6.62070471E+02  5.98671453E-01
 -9.73315544E-01  1.68400434E-06 -6.59114655E+02  6.17540915E-01
 -9.71981321E-01  1.75297423E-06 -6.56235127E+02  6.36701223E-01
 -9.70647098E-01  1.82358518E-06 -6.53427224E+02  6.56154553E-01
 -9.69312875E-01  1.89586217E-06 -6.50686690E+02  6.75903085E-01
 -9.67978652E-01  1.96983048E-06 -6.48009636E+02  6.95949002E-01
 -9.66644430E-01  2.04551563E-06 -6.45392501E+02  7.16294490E-01
 -9.65310207E-01  2.12294341E-06 -6.42832011E+02  7.36941740E-01
 -9.63975984E-01  2.20213986E-06 -6.40325157E+02  7.57892945E-01
 -9.62641761E-01  2.28313131E-06 -6.37869165E+02  7.79150302E-01
 -9.61307538E-01  2.36594434E-06 -6.35461469E+02  8.00716013E-01
 -9.59973316E-01  2.45060582E-06 -6.33099700E+02  8.22592279E-01
 -9.58639093E-01  2.53714289E-06 -6.30781656E+02  8.44781308E-01
 -9.57304870E-01  2.62558294E-06 -6.28505296E+02  8.67285310E-01
 -9.55970647E-01  2.71595367E-06 -6.26268720E+02  8.90106498E-01
 -9.54636424E-01  2.80828304E-06 -6.24070159E+02  9.13247086E-01
 -9.53302201E-01  2.90259930E-06 -6.21907961E+02  9.36709294E-01
 -9.51967979E-01  2.99893098E-06 -6.19780584E+02  9.60495343E-01
 -9.50633756E-01  3.09730690E-06 -6.17686584E+02  9.84607458E-01
 -9.49299533E-01  3.19775616E-06 -6.15624607E+02  1.00904786E+00
 -9.47965310E-01  3.30030814E-06 -6.13593386E+02  1.03381879E+00
 -9.46631087E-01  3.40499254E-06 -6.11591727E+02  1.05892248E+00
 -9.45296865E-01  3.51183933E-06 -6.09618510E+02  1.08436115E+00
 -9.43962642E-01  3.62087879E-06 -6.07672677E+02  1.11013704E+00
 -9.42628419E-01  3.73214149E-06 -6.05753234E+02  1.13625240E+00
 -9.41294196E-01  3.84565830E-06 -6.03859240E+02  1.16270946E+00
 -9.39959973E-01  3.96146038E-06 -6.01989809E+02  1.18951048E+00
 -9.38625751E-01  4.07957923E-06 -6.00144099E+02  1.21665769E+00
 -9.37291528E-01  4.20004662E-06 -5.98321316E+02  1.24415334E+00
 -9.35957305E-01  4.32289465E-06 -5.96520706E+02  1.27199968E+00
 -9.34623082E-01  4.44815572E-06 -5.94741554E+02  1.30019897E+00
 -9.33288859E-01  4.57586254E-06 -5.92983182E+02  1.32875346E+00
 -9.31954636E-01  4.70604815E-06 -5.91244945E+02  1.35766539E+00
 -9.30620414E-01  4.83874590E-06 -5.89526228E+02  1.38693704E+00
 -9.29286191E-01  4.97398945E-06 -5.87826448E+02  1.41657065E+00
 -9.27951968E-01  5.11181279E-06 -5.86145048E+02  1.44656850E+00
 -9.26617745E-01  5.25225024E-06 -5.84481498E+02  1.47693282E+00
 -9.25283522E-01  5.39533644E-06 -5.82835290E+02  1.50766591E+00
 -9.23949300E-01  5.54110635E-06 -5.81205943E+02  1.53877000E+00
 -9.22615077E-01  5.68959528E-06 -5.79592992E+02  1.57024737E+00
 -9.21280854E-01  5.84083886E-06 -5.77995997E+02  1.60210030E+00
 -9.19946631E-01  5.99487305E-06 -5.76414533E+02  1.63433103E+00
 -9.18612408E-01  6.15173416E-06 -5.74848197E+02  1.66694184E+00
 -9.17278185E-01  6.31145884E-06 -5.73296600E+02  1.69993501E+00
 -9.15943963E-01  6.47408407E-06 -5.71759369E+02  1.73331279E+00
 -9.14609740E-01  6.63964719E-06 -5.70236147E+02  1.76707746E+00
 -9.13275517E-01  6.80818587E-06 -5.68726592E+02  1.80123130E+00
 -9.11941294E-01  6.97973815E-06 -5.67230373E+02  1.83577656E+00
 -9.10607071E-01  7.15434241E-06 -5.65747174E+02  1.87071553E+00
 -9.09272849E-01  7.33203738E-06 -5.64276691E+02  1.90605048E+00
 -9.07938626E-01  7.51286215E-06 -5.62818629E+02  1.94178367E+00
 -9.06604403E-01  7.69685617E-06 -5.61372708E+02  1.97791739E+00
 -9.05270180E-01  7.88405926E-06 -5.59938655E+02  2.01445390E+00
 -9.03935957E-01  8.07451159E-06 -5.58516208E+02  2.05139548E+00
 -9.02601734E-01  8.26825371E-06 -5.57105115E+02  2.08874439E+00
 -9.01267512E-01  8.46532652E-06 -5.55705130E+02  2.12650292E+00
 -8.99933289E-01  8.66577131E-06 -5.54316021E+02  2.16467334E+00
 -8.98599066E-01  8.86962973E-06 -5.52937558E+02  2.20325791E+00
 -8.97264843E-01  9.07694383E-06 -5.51569523E+02  2.24225890E+00
 -8.95930620E-01  9.28775600E-06 -5.50211703E+02  2.28167860E+00
 -8.94596398E-01  9.50210904E-06 -5.48863894E+02  2.32151927E+00
 -8.93262175E-01  9.72004613E-06 -5.47525896E+02  2.36178317E+00
 -8.91927952E-01  9.94161084E-06 -5.46197518E+02  2.40247259E+00
 -8.90593729E-01  1.01668471E-05 -5.44878573E+02  2.44358977E+00
 -8.89259506E-01  1.03957993E-05 -5.43568882E+02  2.48513701E+00
 -8.87925284E-01  1.06285121E-05 -5.42268271E+02  2.52711654E+00
 -8.86591061E-01  1.08650307E-05 -5.40976569E+02  2.56953066E+00
 -8.85256838E-01  1.11054006E-05 -5.39693614E+02  2.61238161E+00
 -8.83922615E-01  1.13496678E-05 -5.38419245E+02  2.65567166E+00
 -8.82588392E-01  1.15978786E-05 -5.37153309E+02  2.69940306E+00
 -8.81254169E-01  1.18500797E-05 -5.35895656E+02  2.74357809E+00
 -8.79919947E-01  1.21063183E-05 -5.34646140E+02  2.78819899E+00
 -8.78585724E-01  1.23666420E-05 -5.33404620E+02  2.83326803E+00
 -8.77251501E-01  1.26310988E-05 -5.32170959E+02  2.87878745E+00
 -8.75917278E-01  1.28997370E-05 -5.30945024E+02  2.92475951E+00
 -8.74583055E-01  1.31726056E-05 -5.29726684E+02  2.97118645E+00
 -8.73248833E-01  1.34497536E-05 -5.28515814E+02  3.01807054E+00
 -8.71914610E-01  1.37312309E-05 -5.27312290E+02  3.06541400E+00
 -8.70580387E-01  1.40170875E-05 -5.26115994E+02  3.11321909E+00
 -8.69246164E-01  1.43073740E-05 -5.24926809E+02  3.16148804E+00
 -8.67911941E-01  1.46021414E-05 -5.23744622E+02  3.21022309E+00
 -8.66577718E-01  1.49014409E-05 -5.22569322E+02  3.25942649E+00
 -8.65243496E-01  1.52053246E-05 -5.21400803E+02  3.30910045E+00
 -8.63909273E-01  1.55138446E-05 -5.20238960E+02  3.35924722E+00
 -8.62575050E-01  1.58270538E-05 -5.19083690E+02  3.40986902E+00
 -8.61240827E-01  1.61450054E-05 -5.17934895E+02  3.46096807E+00
 -8.59906604E-01  1.64677528E-05 -5.16792477E+02  3.51254659E+00
 -8.58572382E-01  1.67953504E-05 -5.15656342E+02  3.56460681E+00
 -8.57238159E-01  1.71278525E-05 -5.14526397E+02  3.61715093E+00
 -8.55903936E-01  1.74653143E-05 -5.13402553E+02  3.67018117E+00
 -8.54569713E-01  1.78077911E-05 -5.12284721E+02  3.72369974E+00
 -8.53235490E-01  1.81553390E-05 -5.11172816E+02  3.77770883E+00
 -8.51901268E-01  1.85080144E-05 -5.10066753E+02  3.83221065E+00
 -8.50567045E-01  1.88658741E-05 -5.08966452E+02  3.88720740E+00
 -8.49232822E-01  1.92289755E-05 -5.07871832E+02  3.94270126E+00
 -8.47898599E-01  1.95973764E-05 -5.06782814E+02  3.99869442E+00
 -8.46564376E-01  1.99711352E-05 -5.05699323E+02  4.05518908E+00
 -8.45230153E-01  2.03503107E-05 -5.04621284E+02  4.11218740E+00
 -8.43895931E-01  2.07349621E-05 -5.03548624E+02  4.16969156E+00
 -8.42561708E-01  2.11251493E-05 -5.02481270E+02  4.22770373E+00
 -8.41227485E-01  2.15209325E-05 -5.01419155E+02  4.28622609E+00
 -8.39893262E-01  2.19223725E-05 -5.00362208E+02  4.34526078E+00
 -8.38559039E-01  2.23295306E-05 -4.99310364E+02  4.40480997E+00
 -8.37224817E-01  2.27424685E-05 -4.98263556E+02  4.46487580E+00
 -8.35890594E-01  2.31612485E-05 -4.97221721E+02  4.52546043E+00
 -8.34556371E-01  2.35859334E-05 -4.96184796E+02  4.58656599E+00
 -8.33222148E-01  2.40165866E-05 -4.95152719E+02  4.64819462E+00
 -8.31887925E-01  2.44532718E-05 -4.94125431E+02  4.71034845E+00
 -8.30553702E-01  2.48960534E-05 -4.93102872E+02  4.77302960E+00
 -8.29219480E-01  2.53449962E-05 -4.92084985E+02  4.83624019E+00
 -8.27885257E-01  2.58001656E-05 -4.91071713E+02  4.89998235E+00
 -8.26551034E-01  2.62616276E-05 -4.90063000E+02  4.96425816E+00
 -8.25216811E-01  2.67294486E-05 -4.89058792E+02  5.02906974E+00
 -8.23882588E-01  2.72036955E-05 -4.88059037E+02  5.09441917E+00
 -8.22548366E-01  2.76844359E-05 -4.87063681E+02  5.16030856E+00
 -8.21214143E-01  2.81717379E-05 -4.86072673E+02  5.22673997E+00
 -8.19879920E-01  2.86656700E-05 -4.85085963E+02  5.29371549E+00
 -8.18545697E-01  2.91663014E-05 -4.84103502E+02  5.36123719E+00
 -8.17211474E-01  2.96737019E-05 -4.83125241E+02  5.42930713E+00
 -8.15877252E-01  3.01879416E-05 -4.82151133E+02  5.49792735E+00
 -8.14543029E-01  3.07090914E-05 -4.81181131E+02  5.56709993E+00
 -8.13208806E-01  3.12372227E-05 -4.80215190E+02  5.63682688E+00
 -8.11874583E-01  3.17724074E-05 -4.79253264E+02  5.70711026E+00
 -8.10540360E-01  3.23147180E-05 -4.78295309E+02  5.77795208E+00
 -8.09206137E-01  3.28642277E-05 -4.77341283E+02  5.84935436E+00
 -8.07871915E-01  3.34210101E-05 -4.76391142E+02  5.92131913E+00
 -8.06537692E-01  3.39851394E-05 -4.75444846E+02  5.99384837E+00
 -8.05203469E-01  3.45566904E-05 -4.74502352E+02  6.06694410E+00
 -8.03869246E-01  3.51357386E-05 -4.73563620E+02  6.14060829E+00
 -8.02535023E-01  3.57223600E-05 -4.72628612E+02  6.21484293E+00
 -8.01200801E-01  3.63166312E-05 -4.71697287E+02  6.28964999E+00
 -7.99866578E-01  3.69186293E-05 -4.70769608E+02  6.36503144E+00
 -7.98532355E-01  3.75284321E-05 -4.69845538E+02  6.44098922E+00
 -7.97198132E-01  3.81461181E-05 -4.68925038E+02  6.51752529E+00
 -7.95863909E-01  3.87717662E-05 -4.68008074E+02  6.59464159E+00
 -7.94529686E-01  3.94054561E-05 -4.67094608E+02  6.67234004E+00
 -7.93195464E-01  4.00472679E-05 -4.66184606E+02  6.75062257E+00
 -7.91861241E-01  4.06972826E-05 -4.65278034E+02  6.82949108E+00
 -7.90527018E-01  4.13555816E-05 -4.64374857E+02  6.90894748E+00
 -7.89192795E-01  4.20222469E-05 -4.63475042E+02  6.98899366E+00
 -7.87858572E-01  4.26973614E-05 -4.62578557E+02  7.06963150E+00
 -7.86524350E-01  4.33810084E-05 -4.61685367E+02  7.15086288E+00
 -7.85190127E-01  4.40732718E-05 -4.60795443E+02  7.23268967E+00
 -7.83855904E-01  4.47742363E-05 -4.59908752E+02  7.31511371E+00
 -7.82521681E-01  4.54839872E-05 -4.59025264E+02  7.39813685E+00
 -7.81187458E-01  4.62026104E-05 -4.58144948E+02  7.48176092E+00
 -7.79853235E-01  4.69301925E-05 -4.57267775E+02  7.56598775E+00
 -7.78519013E-01  4.76668207E-05 -4.56393714E+02  7.65081915E+00
 -7.77184790E-01  4.84125829E-05 -4.55522737E+02  7.73625693E+00
 -7.75850567E-01  4.91675678E-05 -4.54654816E+02  7.82230286E+00
 -7.74516344E-01  4.99318644E-05 -4.53789922E+02  7.90895875E+00
 -7.73182121E-01  5.07055627E-05 -4.52928028E+02  7.99622635E+00
 -7.71847899E-01  5.14887533E-05 -4.52069106E+02  8.08410742E+00
 -7.70513676E-01  5.22815275E-05 -4.51213129E+02  8.17260372E+00
 -7.69179453E-01  5.30839771E-05 -4.50360072E+02  8.26171697E+00
 -7.67845230E-01  5.38961949E-05 -4.49509907E+02  8.35144891E+00
 -7.66511007E-01  5.47182740E-05 -4.48662610E+02  8.44180125E+00
 -7.65176785E-01  5.55503086E-05 -4.47818155E+02  8.53277568E+00
 -7.63842562E-01  5.63923933E-05 -4.46976516E+02  8.62437391E+00
 -7.62508339E-01  5.72446236E-05 -4.46137671E+02  8.71659759E+00
 -7.61174116E-01  5.81070955E-05 -4.45301593E+02  8.80944841E+00
 -7.59839893E-01  5.89799059E-05 -4.44468260E+02  8.90292802E+00
 -7.58505670E-01  5.98631524E-05 -4.43637647E+02  8.99703804E+00
 -7.57171448E-01  6.07569333E-05 -4.42809732E+02  9.09178012E+00
 -7.55837225E-01  6.16613474E-05 -4.41984492E+02  9.18715587E+00
 -7.54503002E-01  6.25764946E-05 -4.41161903E+02  9.28316688E+00
 -7.53168779E-01  6.35024753E-05 -4.40341945E+02  9.37981475E+00
 -7.51834556E-01  6.44393906E-05 -4.39524594E+02  9.47710106E+00
 -7.50500334E-01  6.53873426E-05 -4.38709830E+02  9.57502736E+00
 -7.49166111E-01  6.63464339E-05 -4.37897630E+02  9.67359521E+00
 -7.47831888E-01  6.73167679E-05 -4.37087974E+02  9.77280614E+00
 -7.46497665E-01  6.82984487E-05 -4.36280841E+02  9.87266167E+00
 -7.45163442E-01  6.92915814E-05 -4.35476211E+02  9.97316331E+00
 -7.43829219E-01  7.02962716E-05 -4.34674062E+02  1.00743126E+01
 -7.42494997E-01  7.13126259E-05 -4.33874376E+02  1.01761109E+01
 -7.41160774E-01  7.23407513E-05 -4.33077133E+02  1.02785598E+01
 -7.39826551E-01  7.33807560E-05 -4.32282313E+02  1.03816606E+01
 -7.38492328E-01  7.44327486E-05 -4.31489896E+02  1.04854149E+01
 -7.37158105E-01  7.54968389E-05 -4.30699865E+02  1.05898241E+01
 -7.35823883E-01  7.65731372E-05 -4.29912200E+02  1.06948895E+01
 -7.34489660E-01  7.76617545E-05 -4.29126882E+02  1.08006126E+01
 -7.33155437E-01  7.87628030E-05 -4.28343895E+02  1.09069947E+01
 -7.31821214E-01  7.98763952E-05 -4.27563219E+02  1.10140372E+01
 -7.30486991E-01  8.10026448E-05 -4.26784837E+02  1.11217414E+01
 -7.29152769E-01  8.21416662E-05 -4.26008731E+02  1.12301087E+01
 -7.27818546E-01  8.32935745E-05 -4.25234884E+02  1.13391404E+01
 -7.26484323E-01  8.44584858E-05 -4.24463279E+02  1.14488377E+01
 -7.25150100E-01  8.56365168E-05 -4.23693899E+02  1.15592020E+01
 -7.23815877E-01  8.68277852E-05 -4.22926727E+02  1.16702346E+01
 -7.22481654E-01  8.80324096E-05 -4.22161747E+02  1.17819365E+01
 -7.21147432E-01  8.92505092E-05 -4.21398943E+02  1.18943092E+01
 -7.19813209E-01  9.04822043E-05 -4.20638299E+02  1.20073538E+01
 -7.18478986E-01  9.17276158E-05 -4.19879798E+02  1.21210715E+01
 -7.17144763E-01  9.29868656E-05 -4.19123424E+02  1.22354635E+01
 -7.15810540E-01  9.42600765E-05 -4.18369164E+02  1.23505309E+01
 -7.14476318E-01  9.55473720E-05 -4.17617000E+02  1.24662750E+01
 -7.13142095E-01  9.68488766E-05 -4.16866919E+02  1.25826968E+01
 -7.11807872E-01  9.81647157E-05 -4.16118904E+02  1.26997974E+01
 -7.10473649E-01  9.94950154E-05 -4.15372942E+02  1.28175780E+01
 -7.09139426E-01  1.00839903E-04 -4.14629017E+02  1.29360395E+01
 -7.07805203E-01  1.02199506E-04 -4.13887116E+02  1.30551832E+01
 -7.06470981E-01  1.03573954E-04 -4.13147223E+02  1.31750099E+01
 -7.05136758E-01  1.04963376E-04 -4.12409326E+02  1.32955208E+01
 -7.03802535E-01  1.06367903E-04 -4.11673409E+02  1.34167168E+01
 -7.02468312E-01  1.07787666E-04 -4.10939459E+02  1.35385989E+01
 -7.01134089E-01  1.09222799E-04 -4.10207463E+02  1.36611680E+01
 -6.99799867E-01  1.10673434E-04 -4.09477407E+02  1.37844252E+01
 -6.98465644E-01  1.12139706E-04 -4.08749277E+02  1.39083714E+01
 -6.97131421E-01  1.13621750E-04 -4.08023061E+02  1.40330073E+01
 -6.95797198E-01  1.15119702E-04 -4.07298746E+02  1.41583341E+01
 -6.94462975E-01  1.16633699E-04 -4.06576318E+02  1.42843524E+01
 -6.93128753E-01  1.18163879E-04 -4.05855765E+02  1.44110631E+01
 -6.91794530E-01  1.19710382E-04 -4.05137075E+02  1.45384672E+01
 -6.90460307E-01  1.21273347E-04 -4.04420234E+02  1.46665653E+01
 -6.89126084E-01  1.22852915E-04 -4.03705231E+02  1.47953582E+01
 -6.87791861E-01  1.24449229E-04 -4.02992053E+02  1.49248468E+01
 -6.86457638E-01  1.26062430E-04 -4.02280688E+02  1.50550318E+01
 -6.85123416E-01  1.27692662E-04 -4.01571125E+02  1.51859139E+01
 -6.83789193E-01  1.29340071E-04 -4.00863352E+02  1.53174938E+01
 -6.82454970E-01  1.31004802E-04 -4.00157356E+02  1.54497721E+01
 -6.81120747E-01  1.32687002E-04 -3.99453127E+02  1.55827496E+01
 -6.79786524E-01  1.34386819E-04 -3.98750653E+02  1.57164269E+01
 -6.78452302E-01  1.36104401E-04 -3.98049922E+02  1.58508045E+01
 -6.77118079E-01  1.37839898E-04 -3.97350924E+02  1.59858832E+01
 -6.75783856E-01  1.39593460E-04 -3.96653647E+02  1.61216634E+01
 -6.74449633E-01  1.41365241E-04 -3.95958081E+02  1.62581457E+01
 -6.73115410E-01  1.43155392E-04 -3.95264214E+02  1.63953306E+01
 -6.71781187E-01  1.44964067E-04 -3.94572037E+02  1.65332187E+01
 -6.70446965E-01  1.46791421E-04 -3.93881538E+02  1.66718105E+01
 -6.69112742E-01  1.48637609E-04 -3.93192706E+02  1.68111063E+01
 -6.67778519E-01  1.50502790E-04 -3.92505532E+02  1.69511066E+01
 -6.66444296E-01  1.52387121E-04 -3.91820005E+02  1.70918118E+01
 -6.65110073E-01  1.54290760E-04 -3.91136115E+02  1.72332224E+01
 -6.63775851E-01  1.56213868E-04 -3.90453852E+02  1.73753387E+01
 -6.62441628E-01  1.58156606E-04 -3.89773206E+02  1.75181610E+01
 -6.61107405E-01  1.60119136E-04 -3.89094167E+02  1.76616896E+01
 -6.59773182E-01  1.62101622E-04 -3.88416725E+02  1.78059249E+01
 -6.58438959E-01  1.64104227E-04 -3.87740870E+02  1.79508671E+01
 -6.57104736E-01  1.66127118E-04 -3.87066594E+02  1.80965165E+01
 -6.55770514E-01  1.68170460E-04 -3.86393886E+02  1.82428732E+01
 -6.54436291E-01  1.70234422E-04 -3.85722737E+02  1.83899375E+01
 -6.53102068E-01  1.72319172E-04 -3.85053138E+02  1.85377096E+01
 -6.51767845E-01  1.74424880E-04 -3.84385080E+02  1.86861895E+01
 -6.50433622E-01  1.76551717E-04 -3.83718553E+02  1.88353775E+01
 -6.49099400E-01  1.78699856E-04 -3.83053549E+02  1.89852735E+01
 -6.47765177E-01  1.80869468E-04 -3.82390058E+02  1.91358778E+01
 -6.46430954E-01  1.83060729E-04 -3.81728071E+02  1.92871902E+01
 -6.45096731E-01  1.85273814E-04 -3.81067580E+02  1.94392109E+01
 -6.43762508E-01  1.87508900E-04 -3.80408577E+02  1.95919398E+01
 -6.42428286E-01  1.89766164E-04 -3.79751052E+02  1.97453770E+01
 -6.41094063E-01  1.92045786E-04 -3.79094997E+02  1.98995222E+01
 -6.39759840E-01  1.94347946E-04 -3.78440403E+02  2.00543755E+01
 -6.38425617E-01  1.96672824E-04 -3.77787263E+02  2.02099367E+01
 -6.37091394E-01  1.99020603E-04 -3.77135568E+02  2.03662057E+01
 -6.35757171E-01  2.01391468E-04 -3.76485309E+02  2.05231824E+01
 -6.34422949E-01  2.03785602E-04 -3.75836479E+02  2.06808664E+01
 -6.33088726E-01  2.06203191E-04 -3.75189069E+02  2.08392577E+01
 -6.31754503E-01  2.08644424E-04 -3.74543072E+02  2.09983559E+01
 -6.30420280E-01  2.11109488E-04 -3.73898479E+02  2.11581607E+01
 -6.29086057E-01  2.13598573E-04 -3.73255283E+02  2.13186719E+01
 -6.27751835E-01  2.16111869E-04 -3.72613476E+02  2.14798892E+01
 -6.26417612E-01  2.18649569E-04 -3.71973050E+02  2.16418121E+01
 -6.25083389E-01  2.21211867E-04 -3.71333998E+02  2.18044402E+01
 -6.23749166E-01  2.23798956E-04 -3.70696312E+02  2.19677732E+01
 -6.22414943E-01  2.26411033E-04 -3.70059984E+02  2.21318106E+01
 -6.21080720E-01  2.29048294E-04 -3.69425008E+02  2.22965519E+01
 -6.19746498E-01  2.31710937E-04 -3.68791375E+02  2.24619966E+01
 -6.18412275E-01  2.34399163E-04 -3.68159079E+02  2.26281441E+01
 -6.17078052E-01  2.37113172E-04 -3.67528112E+02  2.27949939E+01
 -6.15743829E-01  2.39853166E-04 -3.66898467E+02  2.29625455E+01
 -6.14409606E-01  2.42619349E-04 -3.66270137E+02  2.31307980E+01
 -6.13075384E-01  2.45411925E-04 -3.65643115E+02  2.32997510E+01
 -6.11741161E-01  2.48231100E-04 -3.65017394E+02  2.34694037E+01
 -6.10406938E-01  2.51077081E-04 -3.64392967E+02  2.36397554E+01
 -6.09072715E-01  2.53950077E-04 -3.63769827E+02  2.38108053E+01
 -6.07738492E-01  2.56850298E-04 -3.63147968E+02  2.39825527E+01
 -6.06404270E-01  2.59777955E-04 -3.62527382E+02  2.41549968E+01
 -6.05070047E-01  2.62733260E-04 -3.61908064E+02  2.43281366E+01
 -6.03735824E-01  2.65716428E-04 -3.61290005E+02  2.45019714E+01
 -6.02401601E-01  2.68727674E-04 -3.60673201E+02  2.46765002E+01
 -6.01067378E-01  2.71767213E-04 -3.60057643E+02  2.48517220E+01
 -5.99733155E-01  2.74835265E-04 -3.59443327E+02  2.50276360E+01
 -5.98398933E-01  2.77932048E-04 -3.58830245E+02  2.52042410E+01
 -5.97064710E-01  2.81057782E-04 -3.58218391E+02  2.53815362E+01
 -5.95730487E-01  2.84212691E-04 -3.57607759E+02  2.55595203E+01
 -5.94396264E-01  2.87396997E-04 -3.56998342E+02  2.57381923E+01
 -5.93062041E-01  2.90610925E-04 -3.56390134E+02  2.59175511E+01
 -5.91727819E-01  2.93854701E-04 -3.55783130E+02  2.60975955E+01
 -5.90393596E-01  2.97128554E-04 -3.55177323E+02  2.62783243E+01
 -5.89059373E-01  3.00432711E-04 -3.54572707E+02  2.64597362E+01
 -5.87725150E-01  3.03767403E-04 -3.53969276E+02  2.66418300E+01
 -5.86390927E-01  3.07132862E-04 -3.53367025E+02  2.68246044E+01
 -5.85056704E-01  3.10529322E-04 -3.52765946E+02  2.70080580E+01
 -5.83722482E-01  3.13957017E-04 -3.52166035E+02  2.71921896E+01
 -5.82388259E-01  3.17416183E-04 -3.51567285E+02  2.73769976E+01
 -5.81054036E-01  3.20907058E-04 -3.50969692E+02  2.75624806E+01
 -5.79719813E-01  3.24429880E-04 -3.50373248E+02  2.77486372E+01
 -5.78385590E-01  3.27984892E-04 -3.49777950E+02  2.79354659E+01
 -5.77051368E-01  3.31572333E-04 -3.49183790E+02  2.81229650E+01
 -5.75717145E-01  3.35192448E-04 -3.48590763E+02  2.83111331E+01
 -5.74382922E-01  3.38845483E-04 -3.47998864E+02  2.84999685E+01
 -5.73048699E-01  3.42531682E-04 -3.47408088E+02  2.86894696E+01
 -5.71714476E-01  3.46251295E-04 -3.46818428E+02  2.88796346E+01
 -5.70380254E-01  3.50004571E-04 -3.46229880E+02  2.90704619E+01
 -5.69046031E-01  3.53791761E-04 -3.45642438E+02  2.92619497E+01
 -5.67711808E-01  3.57613117E-04 -3.45056097E+02  2.94540961E+01
 -5.66377585E-01  3.61468893E-04 -3.44470852E+02  2.96468995E+01
 -5.65043362E-01  3.65359346E-04 -3.43886697E+02  2.98403578E+01
 -5.63709139E-01  3.69284731E-04 -3.43303627E+02  3.00344692E+01
 -5.62374917E-01  3.73245309E-04 -3.42721638E+02  3.02292318E+01
 -5.61040694E-01  3.77241339E-04 -3.42140723E+02  3.04246436E+01
 -5.59706471E-01  3.81273083E-04 -3.41560878E+02  3.06207024E+01
 -5.58372248E-01  3.85340804E-04 -3.40982098E+02  3.08174064E+01
 -5.57038025E-01  3.89444768E-04 -3.40404378E+02  3.10147534E+01
 -5.55703803E-01  3.93585241E-04 -3.39827713E+02  3.12127412E+01
 -5.54369580E-01  3.97762492E-04 -3.39252098E+02  3.14113678E+01
 -5.53035357E-01  4.01976790E-04 -3.38677528E+02  3.16106308E+01
 -5.51701134E-01  4.06228406E-04 -3.38103999E+02  3.18105281E+01
 -5.50366911E-01  4.10517614E-04 -3.37531505E+02  3.20110573E+01
 -5.49032688E-01  4.14844689E-04 -3.36960042E+02  3.22122161E+01
 -5.47698466E-01  4.19209906E-04 -3.36389605E+02  3.24140023E+01
 -5.46364243E-01  4.23613544E-04 -3.35820189E+02  3.26164132E+01
 -5.45030020E-01  4.28055883E-04 -3.35251790E+02  3.28194466E+01
 -5.43695797E-01  4.32537203E-04 -3.34684402E+02  3.30231000E+01
 -5.42361574E-01  4.37057788E-04 -3.34118023E+02  3.32273707E+01
 -5.41027352E-01  4.41617923E-04 -3.33552646E+02  3.34322563E+01
 -5.39693129E-01  4.46217894E-04 -3.32988268E+02  3.36377542E+01
 -5.38358906E-01  4.50857988E-04 -3.32424884E+02  3.38438617E+01
 -5.37024683E-01  4.55538496E-04 -3.31862489E+02  3.40505760E+01
 -5.35690460E-01  4.60259710E-04 -3.31301079E+02  3.42578946E+01
 -5.34356237E-01  4.65021922E-04 -3.30740650E+02  3.44658146E+01
 -5.33022015E-01  4.69825427E-04 -3.30181197E+02  3.46743332E+01
 -5.31687792E-01  4.74670523E-04 -3.29622716E+02  3.48834476E+01
 -5.30353569E-01  4.79557507E-04 -3.29065203E+02  3.50931549E+01
 -5.29019346E-01  4.84486680E-04 -3.28508653E+02  3.53034522E+01
 -5.27685123E-01  4.89458343E-04 -3.27953063E+02  3.55143364E+01
 -5.26350901E-01  4.94472801E-04 -3.27398427E+02  3.57258046E+01
 -5.25016678E-01  4.99530359E-04 -3.26844743E+02  3.59378536E+01
 -5.23682455E-01  5.04631324E-04 -3.26292004E+02  3.61504805E+01
 -5.22348232E-01  5.09776006E-04 -3.25740209E+02  3.63636821E+01
 -5.21014009E-01  5.14964714E-04 -3.25189352E+02  3.65774551E+01
 -5.19679787E-01  5.20197763E-04 -3.24639429E+02  3.67917963E+01
 -5.18345564E-01  5.25475467E-04 -3.24090437E+02  3.70067026E+01
 -5.17011341E-01  5.30798142E-04 -3.23542371E+02  3.72221705E+01
 -5.15677118E-01  5.36166105E-04 -3.22995228E+02  3.74381967E+01
 -5.14342895E-01  5.41579679E-04 -3.22449003E+02  3.76547778E+01
 -5.13008672E-01  5.47039183E-04 -3.21903693E+02  3.78719103E+01
 -5.11674450E-01  5.52544942E-04 -3.21359293E+02  3.80895908E+01
 -5.10340227E-01  5.58097283E-04 -3.20815800E+02  3.83078157E+01
 -5.09006004E-01  5.63696531E-04 -3.20273210E+02  3.85265814E+01
 -5.07671781E-01  5.69343018E-04 -3.19731519E+02  3.87458844E+01
 -5.06337558E-01  5.75037074E-04 -3.19190724E+02  3.89657209E+01
 -5.05003336E-01  5.80779032E-04 -3.18650820E+02  3.91860873E+01
 -5.03669113E-01  5.86569228E-04 -3.18111805E+02  3.94069797E+01
 -5.02334890E-01  5.92407999E-04 -3.17573673E+02  3.96283944E+01
 -5.01000667E-01  5.98295684E-04 -3.17036422E+02  3.98503275E+01
 -4.99666444E-01  6.04232624E-04 -3.16500048E+02  4.00727751E+01
 -4.98332221E-01  6.10219162E-04 -3.15964547E+02  4.02957333E+01
 -4.96997999E-01  6.16255643E-04 -3.15429916E+02  4.05191982E+01
 -4.95663776E-01  6.22342413E-04 -3.14896150E+02  4.07431655E+01
 -4.94329553E-01  6.28479823E-04 -3.14363248E+02  4.09676314E+01
 -4.92995330E-01  6.34668223E-04 -3.13831204E+02  4.11925916E+01
 -4.91661107E-01  6.40907965E-04 -3.13300016E+02  4.14180420E+01
 -4.90326885E-01  6.47199404E-04 -3.12769679E+02  4.16439783E+01
 -4.88992662E-01  6.53542899E-04 -3.12240192E+02  4.18703963E+01
 -4.87658439E-01  6.59938807E-04 -3.11711549E+02  4.20972917E+01
 -4.86324216E-01  6.66387489E-04 -3.11183748E+02  4.23246601E+01
 -4.84989993E-01  6.72889309E-04 -3.10656785E+02  4.25524971E+01
 -4.83655771E-01  6.79444633E-04 -3.10130657E+02  4.27807983E+01
 -4.82321548E-01  6.86053826E-04 -3.09605361E+02  4.30095591E+01
 -4.80987325E-01  6.92717259E-04 -3.09080892E+02  4.32387750E+01
 -4.79653102E-01  6.99435302E-04 -3.08557249E+02  4.34684413E+01
 -4.78318879E-01  7.06208330E-04 -3.08034427E+02  4.36985535E+01
 -4.76984656E-01  7.13036718E-04 -3.07512424E+02  4.39291068E+01
 -4.75650434E-01  7.19920843E-04 -3.06991236E+02  4.41600965E+01
 -4.74316211E-01  7.26861086E-04 -3.06470860E+02  4.43915178E+01
 -4.72981988E-01  7.33857829E-04 -3.05951292E+02  4.46233658E+01
 -4.71647765E-01  7.40911455E-04 -3.05432530E+02  4.48556357E+01
 -4.70313542E-01  7.48022351E-04 -3.04914570E+02  4.50883224E+01
 -4.68979320E-01  7.55190906E-04 -3.04397409E+02  4.53214210E+01
 -4.67645097E-01  7.62417509E-04 -3.03881045E+02  4.55549266E+01
 -4.66310874E-01  7.69702555E-04 -3.03365473E+02  4.57888338E+01
 -4.64976651E-01  7.77046437E-04 -3.02850692E+02  4.60231377E+01
 -4.63642428E-01  7.84449554E-04 -3.02336697E+02  4.62578330E+01
 -4.62308205E-01  7.91912304E-04 -3.01823486E+02  4.64929144E+01
 -4.60973983E-01  7.99435090E-04 -3.01311056E+02  4.67283768E+01
 -4.59639760E-01  8.07018315E-04 -3.00799404E+02  4.69642146E+01
 -4.58305537E-01  8.14662386E-04 -3.00288526E+02  4.72004226E+01
 -4.56971314E-01  8.22367710E-04 -2.99778420E+02  4.74369953E+01
 -4.55637091E-01  8.30134699E-04 -2.99269083E+02  4.76739271E+01
 -4.54302869E-01  8.37963766E-04 -2.98760512E+02  4.79112126E+01
 -4.52968646E-01  8.45855326E-04 -2.98252705E+02  4.81488461E+01
 -4.51634423E-01  8.53809796E-04 -2.97745657E+02  4.83868219E+01
 -4.50300200E-01  8.61827597E-04 -2.97239366E+02  4.86251344E+01
 -4.48965977E-01  8.69909150E-04 -2.96733830E+02  4.88637778E+01
 -4.47631755E-01  8.78054881E-04 -2.96229046E+02  4.91027463E+01
 -4.46297532E-01  8.86265216E-04 -2.95725010E+02  4.93420340E+01
 -4.44963309E-01  8.94540584E-04 -2.95221721E+02  4.95816349E+01
 -4.43629086E-01  9.02881417E-04 -2.94719174E+02  4.98215432E+01
 -4.42294863E-01  9.11288150E-04 -2.94217368E+02  5.00617528E+01
 -4.40960640E-01  9.19761217E-04 -2.93716299E+02  5.03022576E+01
 -4.39626418E-01  9.28301059E-04 -2.93215966E+02  5.05430516E+01
 -4.38292195E-01  9.36908116E-04 -2.92716364E+02  5.07841284E+01
 -4.36957972E-01  9.45582832E-04 -2.92217492E+02  5.10254819E+01
 -4.35623749E-01  9.54325653E-04 -2.91719347E+02  5.12671057E+01
 -4.34289526E-01  9.63137028E-04 -2.91221926E+02  5.15089936E+01
 -4.32955304E-01  9.72017407E-04 -2.90725227E+02  5.17511392E+01
 -4.31621081E-01  9.80967243E-04 -2.90229246E+02  5.19935359E+01
 -4.30286858E-01  9.89986994E-04 -2.89733981E+02  5.22361773E+01
 -4.28952635E-01  9.99077116E-04 -2.89239430E+02  5.24790568E+01
 -4.27618412E-01  1.00823807E-03 -2.88745590E+02  5.27221678E+01
 -4.26284189E-01  1.01747032E-03 -2.88252459E+02  5.29655036E+01
 -4.24949967E-01  1.02677434E-03 -2.87760033E+02  5.32090576E+01
 -4.23615744E-01  1.03615058E-03 -2.87268311E+02  5.34528228E+01
 -4.22281521E-01  1.04559953E-03 -2.86777289E+02  5.36967925E+01
 -4.20947298E-01  1.05512165E-03 -2.86286966E+02  5.39409598E+01
 -4.19613075E-01  1.06471742E-03 -2.85797338E+02  5.41853177E+01
 -4.18278853E-01  1.07438732E-03 -2.85308404E+02  5.44298593E+01
 -4.16944630E-01  1.08413183E-03 -2.84820160E+02  5.46745774E+01
 -4.15610407E-01  1.09395144E-03 -2.84332605E+02  5.49194650E+01
 -4.14276184E-01  1.10384663E-03 -2.83845736E+02  5.51645149E+01
 -4.12941961E-01  1.11381788E-03 -2.83359550E+02  5.54097198E+01
 -4.11607738E-01  1.12386570E-03 -2.82874045E+02  5.56550725E+01
 -4.10273516E-01  1.13399058E-03 -2.82389219E+02  5.59005657E+01
 -4.08939293E-01  1.14419301E-03 -2.81905069E+02  5.61461918E+01
 -4.07605070E-01  1.15447349E-03 -2.81421593E+02  5.63919436E+01
 -4.06270847E-01  1.16483253E-03 -2.80938788E+02  5.66378134E+01
 -4.04936624E-01  1.17527062E-03 -2.80456653E+02  5.68837937E+01
 -4.03602402E-01  1.18578829E-03 -2.79975184E+02  5.71298769E+01
 -4.02268179E-01  1.19638603E-03 -2.79494380E+02  5.73760553E+01
 -4.00933956E-01  1.20706436E-03 -2.79014238E+02  5.76223211E+01
 -3.99599733E-01  1.21782381E-03 -2.78534757E+02  5.78686666E+01
 -3.98265510E-01  1.22866487E-03 -2.78055932E+02  5.81150839E+01
 -3.96931288E-01  1.23958809E-03 -2.77577763E+02  5.83615650E+01
 -3.95597065E-01  1.25059398E-03 -2.77100247E+02  5.86081021E+01
 -3.94262842E-01  1.26168306E-03 -2.76623382E+02  5.88546870E+01
 -3.92928619E-01  1.27285588E-03 -2.76147166E+02  5.91013117E+01
 -3.91594396E-01  1.28411295E-03 -2.75671596E+02  5.93479681E+01
 -3.90260173E-01  1.29545482E-03 -2.75196670E+02  5.95946479E+01
 -3.88925951E-01  1.30688203E-03 -2.74722386E+02  5.98413428E+01
 -3.87591728E-01  1.31839511E-03 -2.74248742E+02  6.00880446E+01
 -3.86257505E-01  1.32999461E-03 -2.73775736E+02  6.03347449E+01
 -3.84923282E-01  1.34168108E-03 -2.73303365E+02  6.05814352E+01
 -3.83589059E-01  1.35345507E-03 -2.72831627E+02  6.08281070E+01
 -3.82254837E-01  1.36531712E-03 -2.72360521E+02  6.10747518E+01
 -3.80920614E-01  1.37726780E-03 -2.71890043E+02  6.13213609E+01
 -3.79586391E-01  1.38930766E-03 -2.71420193E+02  6.15679257E+01
 -3.78252168E-01  1.40143727E-03 -2.70950967E+02  6.18144375E+01
 -3.76917945E-01  1.41365719E-03 -2.70482365E+02  6.20608873E+01
 -3.75583722E-01  1.42596798E-03 -2.70014383E+02  6.23072664E+01
 -3.74249500E-01  1.43837022E-03 -2.69547019E+02  6.25535659E+01
 -3.72915277E-01  1.45086447E-03 -2.69080272E+02  6.27997767E+01
 -3.71581054E-01  1.46345133E-03 -2.68614140E+02  6.30458899E+01
 -3.70246831E-01  1.47613136E-03 -2.68148620E+02  6.32918963E+01
 -3.68912608E-01  1.48890514E-03 -2.67683711E+02  6.35377868E+01
 -3.67578386E-01  1.50177327E-03 -2.67219410E+02  6.37835522E+01
 -3.66244163E-01  1.51473634E-03 -2.66755716E+02  6.40291831E+01
 -3.64909940E-01  1.52779492E-03 -2.66292626E+02  6.42746703E+01
 -3.63575717E-01  1.54094962E-03 -2.65830138E+02  6.45200043E+01
 -3.62241494E-01  1.55420104E-03 -2.65368252E+02  6.47651757E+01
 -3.60907272E-01  1.56754978E-03 -2.64906963E+02  6.50101749E+01
 -3.59573049E-01  1.58099643E-03 -2.64446272E+02  6.52549924E+01
 -3.58238826E-01  1.59454161E-03 -2.63986175E+02  6.54996185E+01
 -3.56904603E-01  1.60818593E-03 -2.63526670E+02  6.57440435E+01
 -3.55570380E-01  1.62193000E-03 -2.63067757E+02  6.59882577E+01
 -3.54236157E-01  1.63577444E-03 -2.62609433E+02  6.62322511E+01
 -3.52901935E-01  1.64971986E-03 -2.62151695E+02  6.64760140E+01
 -3.51567712E-01  1.66376689E-03 -2.61694543E+02  6.67195364E+01
 -3.50233489E-01  1.67791616E-03 -2.61237974E+02  6.69628082E+01
 -3.48899266E-01  1.69216829E-03 -2.60781987E+02  6.72058193E+01
 -3.47565043E-01  1.70652393E-03 -2.60326579E+02  6.74485597E+01
 -3.46230821E-01  1.72098369E-03 -2.59871748E+02  6.76910192E+01
 -3.44896598E-01  1.73554823E-03 -2.59417494E+02  6.79331874E+01
 -3.43562375E-01  1.75021819E-03 -2.58963814E+02  6.81750540E+01
 -3.42228152E-01  1.76499420E-03 -2.58510705E+02  6.84166087E+01
 -3.40893929E-01  1.77987693E-03 -2.58058168E+02  6.86578409E+01
 -3.39559706E-01  1.79486701E-03 -2.57606199E+02  6.88987403E+01
 -3.38225484E-01  1.80996512E-03 -2.57154796E+02  6.91392962E+01
 -3.36891261E-01  1.82517190E-03 -2.56703959E+02  6.93794979E+01
 -3.35557038E-01  1.84048803E-03 -2.56253685E+02  6.96193348E+01
 -3.34222815E-01  1.85591416E-03 -2.55803973E+02  6.98587962E+01
 -3.32888592E-01  1.87145096E-03 -2.55354820E+02  7.00978711E+01
 -3.31554370E-01  1.88709911E-03 -2.54906225E+02  7.03365487E+01
 -3.30220147E-01  1.90285928E-03 -2.54458187E+02  7.05748180E+01
 -3.28885924E-01  1.91873216E-03 -2.54010703E+02  7.08126680E+01
 -3.27551701E-01  1.93471842E-03 -2.53563771E+02  7.10500877E+01
 -3.26217478E-01  1.95081876E-03 -2.53117391E+02  7.12870659E+01
 -3.24883256E-01  1.96703385E-03 -2.52671561E+02  7.15235913E+01
 -3.23549033E-01  1.98336441E-03 -2.52226278E+02  7.17596528E+01
 -3.22214810E-01  1.99981111E-03 -2.51781541E+02  7.19952390E+01
 -3.20880587E-01  2.01637467E-03 -2.51337348E+02  7.22303385E+01
 -3.19546364E-01  2.03305579E-03 -2.50893699E+02  7.24649398E+01
 -3.18212141E-01  2.04985516E-03 -2.50450590E+02  7.26990315E+01
 -3.16877919E-01  2.06677352E-03 -2.50008020E+02  7.29326018E+01
 -3.15543696E-01  2.08381157E-03 -2.49565988E+02  7.31656393E+01
 -3.14209473E-01  2.10097002E-03 -2.49124493E+02  7.33981321E+01
 -3.12875250E-01  2.11824961E-03 -2.48683532E+02  7.36300684E+01
 -3.11541027E-01  2.13565105E-03 -2.48243103E+02  7.38614366E+01
 -3.10206805E-01  2.15317507E-03 -2.47803206E+02  7.40922246E+01
 -3.08872582E-01  2.17082242E-03 -2.47363838E+02  7.43224204E+01
 -3.07538359E-01  2.18859382E-03 -2.46924999E+02  7.45520121E+01
 -3.06204136E-01  2.20649002E-03 -2.46486686E+02  7.47809875E+01
 -3.04869913E-01  2.22451175E-03 -2.46048898E+02  7.50093345E+01
 -3.03535690E-01  2.24265977E-03 -2.45611633E+02  7.52370409E+01
 -3.02201468E-01  2.26093484E-03 -2.45174890E+02  7.54640943E+01
 -3.00867245E-01  2.27933769E-03 -2.44738667E+02  7.56904825E+01
 -2.99533022E-01  2.29786910E-03 -2.44302962E+02  7.59161930E+01
 -2.98198799E-01  2.31652982E-03 -2.43867775E+02  7.61412133E+01
 -2.96864576E-01  2.33532063E-03 -2.43433103E+02  7.63655308E+01
 -2.95530354E-01  2.35424228E-03 -2.42998945E+02  7.65891330E+01
 -2.94196131E-01  2.37329557E-03 -2.42565300E+02  7.68120072E+01
 -2.92861908E-01  2.39248126E-03 -2.42132166E+02  7.70341407E+01
 -2.91527685E-01  2.41180014E-03 -2.41699541E+02  7.72555206E+01
 -2.90193462E-01  2.43125298E-03 -2.41267424E+02  7.74761342E+01
 -2.88859239E-01  2.45084060E-03 -2.40835814E+02  7.76959683E+01
 -2.87525017E-01  2.47056376E-03 -2.40404708E+02  7.79150102E+01
 -2.86190794E-01  2.49042329E-03 -2.39974107E+02  7.81332466E+01
 -2.84856571E-01  2.51041996E-03 -2.39544007E+02  7.83506646E+01
 -2.83522348E-01  2.53055460E-03 -2.39114408E+02  7.85672508E+01
 -2.82188125E-01  2.55082801E-03 -2.38685308E+02  7.87829921E+01
 -2.80853903E-01  2.57124100E-03 -2.38256705E+02  7.89978751E+01
 -2.79519680E-01  2.59179440E-03 -2.37828599E+02  7.92118864E+01
 -2.78185457E-01  2.61248902E-03 -2.37400988E+02  7.94250127E+01
 -2.76851234E-01  2.63332568E-03 -2.36973870E+02  7.96372404E+01
 -2.75517011E-01  2.65430523E-03 -2.36547244E+02  7.98485558E+01
 -2.74182789E-01  2.67542848E-03 -2.36121109E+02  8.00589455E+01
 -2.72848566E-01  2.69669629E-03 -2.35695462E+02  8.02683957E+01
 -2.71514343E-01  2.71810949E-03 -2.35270304E+02  8.04768926E+01
 -2.70180120E-01  2.73966893E-03 -2.34845632E+02  8.06844224E+01
 -2.68845897E-01  2.76137545E-03 -2.34421445E+02  8.08909712E+01
 -2.67511674E-01  2.78322992E-03 -2.33997741E+02  8.10965250E+01
 -2.66177452E-01  2.80523319E-03 -2.33574519E+02  8.13010699E+01
 -2.64843229E-01  2.82738612E-03 -2.33151779E+02  8.15045917E+01
 -2.63509006E-01  2.84968959E-03 -2.32729518E+02  8.17070763E+01
 -2.62174783E-01  2.87214446E-03 -2.32307734E+02  8.19085095E+01
 -2.60840560E-01  2.89475160E-03 -2.31886428E+02  8.21088770E+01
 -2.59506338E-01  2.91751190E-03 -2.31465597E+02  8.23081644E+01
 -2.58172115E-01  2.94042625E-03 -2.31045240E+02  8.25063574E+01
 -2.56837892E-01  2.96349552E-03 -2.30625356E+02  8.27034415E+01
 -2.55503669E-01  2.98672062E-03 -2.30205944E+02  8.28994021E+01
 -2.54169446E-01  3.01010244E-03 -2.29787001E+02  8.30942247E+01
 -2.52835223E-01  3.03364188E-03 -2.29368527E+02  8.32878946E+01
 -2.51501001E-01  3.05733985E-03 -2.28950521E+02  8.34803970E+01
 -2.50166778E-01  3.08119725E-03 -2.28532980E+02  8.36717173E+01
 -2.48832555E-01  3.10521501E-03 -2.28115905E+02  8.38618405E+01
 -2.47498332E-01  3.12939404E-03 -2.27699293E+02  8.40507517E+01
 -2.46164109E-01  3.15373526E-03 -2.27283144E+02  8.42384359E+01
 -2.44829887E-01  3.17823960E-03 -2.26867455E+02  8.44248782E+01
 -2.43495664E-01  3.20290800E-03 -2.26452227E+02  8.46100634E+01
 -2.42161441E-01  3.22774139E-03 -2.26037456E+02  8.47939763E+01
 -2.40827218E-01  3.25274071E-03 -2.25623143E+02  8.49766017E+01
 -2.39492995E-01  3.27790691E-03 -2.25209286E+02  8.51579243E+01
 -2.38158773E-01  3.30324094E-03 -2.24795884E+02  8.53379287E+01
 -2.36824550E-01  3.32874376E-03 -2.24382935E+02  8.55165996E+01
 -2.35490327E-01  3.35441632E-03 -2.23970438E+02  8.56939215E+01
 -2.34156104E-01  3.38025959E-03 -2.23558392E+02  8.58698787E+01
 -2.32821881E-01  3.40627453E-03 -2.23146796E+02  8.60444558E+01
 -2.31487658E-01  3.43246213E-03 -2.22735649E+02  8.62176370E+01
 -2.30153436E-01  3.45882335E-03 -2.22324949E+02  8.63894066E+01
 -2.28819213E-01  3.48535919E-03 -2.21914695E+02  8.65597488E+01
 -2.27484990E-01  3.51207063E-03 -2.21504886E+02  8.67286478E+01
 -2.26150767E-01  3.53895866E-03 -2.21095520E+02  8.68960876E+01
 -2.24816544E-01  3.56602427E-03 -2.20686597E+02  8.70620523E+01
 -2.23482322E-01  3.59326848E-03 -2.20278116E+02  8.72265257E+01
 -2.22148099E-01  3.62069229E-03 -2.19870074E+02  8.73894919E+01
 -2.20813876E-01  3.64829670E-03 -2.19462471E+02  8.75509346E+01
 -2.19479653E-01  3.67608274E-03 -2.19055307E+02  8.77108377E+01
 -2.18145430E-01  3.70405143E-03 -2.18648578E+02  8.78691847E+01
 -2.16811207E-01  3.73220379E-03 -2.18242286E+02  8.80259595E+01
 -2.15476985E-01  3.76054085E-03 -2.17836427E+02  8.81811455E+01
 -2.14142762E-01  3.78906365E-03 -2.17431002E+02  8.83347263E+01
 -2.12808539E-01  3.81777323E-03 -2.17026008E+02  8.84866854E+01
 -2.11474316E-01  3.84667063E-03 -2.16621445E+02  8.86370061E+01
 -2.10140093E-01  3.87575691E-03 -2.16217312E+02  8.87856719E+01
 -2.08805871E-01  3.90503312E-03 -2.15813608E+02  8.89326660E+01
 -2.07471648E-01  3.93450032E-03 -2.15410331E+02  8.90779716E+01
 -2.06137425E-01  3.96415958E-03 -2.15007480E+02  8.92215719E+01
 -2.04803202E-01  3.99401197E-03 -2.14605055E+02  8.93634500E+01
 -2.03468979E-01  4.02405855E-03 -2.14203053E+02  8.95035889E+01
 -2.02134757E-01  4.05430042E-03 -2.13801474E+02  8.96419717E+01
 -2.00800534E-01  4.08473866E-03 -2.13400318E+02  8.97785812E+01
 -1.99466311E-01  4.11537436E-03 -2.12999582E+02  8.99134004E+01
 -1.98132088E-01  4.14620862E-03 -2.12599265E+02  9.00464120E+01
 -1.96797865E-01  4.17724253E-03 -2.12199367E+02  9.01775988E+01
 -1.95463642E-01  4.20847721E-03 -2.11799887E+02  9.03069435E+01
 -1.94129420E-01  4.23991376E-03 -2.11400823E+02  9.04344286E+01
 -1.92795197E-01  4.27155330E-03 -2.11002174E+02  9.05600369E+01
 -1.91460974E-01  4.30339695E-03 -2.10603939E+02  9.06837507E+01
 -1.90126751E-01  4.33544585E-03 -2.10206118E+02  9.08055526E+01
 -1.88792528E-01  4.36770112E-03 -2.09808708E+02  9.09254250E+01
 -1.87458306E-01  4.40016390E-03 -2.09411710E+02  9.10433502E+01
 -1.86124083E-01  4.43283533E-03 -2.09015121E+02  9.11593104E+01
 -1.84789860E-01  4.46571657E-03 -2.08618942E+02  9.12732880E+01
 -1.83455637E-01  4.49880876E-03 -2.08223170E+02  9.13852650E+01
 -1.82121414E-01  4.53211306E-03 -2.07827805E+02  9.14952236E+01
 -1.80787191E-01  4.56563065E-03 -2.07432846E+02  9.16031459E+01
 -1.79452969E-01  4.59936269E-03 -2.07038292E+02  9.17090139E+01
 -1.78118746E-01  4.63331035E-03 -2.06644141E+02  9.18128094E+01
 -1.76784523E-01  4.66747481E-03 -2.06250393E+02  9.19145144E+01
 -1.75450300E-01  4.70185727E-03 -2.05857047E+02  9.20141107E+01
 -1.74116077E-01  4.73645892E-03 -2.05464101E+02  9.21115802E+01
 -1.72781855E-01  4.77128094E-03 -2.05071555E+02  9.22069044E+01
 -1.71447632E-01  4.80632455E-03 -2.04679407E+02  9.23000652E+01
 -1.70113409E-01  4.84159096E-03 -2.04287658E+02  9.23910440E+01
 -1.68779186E-01  4.87708137E-03 -2.03896304E+02  9.24798225E+01
 -1.67444963E-01  4.91279700E-03 -2.03505347E+02  9.25663822E+01
 -1.66110740E-01  4.94873910E-03 -2.03114784E+02  9.26507044E+01
 -1.64776518E-01  4.98490887E-03 -2.02724614E+02  9.27327707E+01
 -1.63442295E-01  5.02130756E-03 -2.02334838E+02  9.28125624E+01
 -1.62108072E-01  5.05793642E-03 -2.01945453E+02  9.28900607E+01
 -1.60773849E-01  5.09479669E-03 -2.01556458E+02  9.29652468E+01
 -1.59439626E-01  5.13188962E-03 -2.01167854E+02  9.30381021E+01
 -1.58105404E-01  5.16921648E-03 -2.00779638E+02  9.31086075E+01
 -1.56771181E-01  5.20677852E-03 -2.00391810E+02  9.31767443E+01
 -1.55436958E-01  5.24457703E-03 -2.00004368E+02  9.32424933E+01
 -1.54102735E-01  5.28261328E-03 -1.99617313E+02  9.33058356E+01
 -1.52768512E-01  5.32088854E-03 -1.99230642E+02  9.33667522E+01
 -1.51434290E-01  5.35940412E-03 -1.98844356E+02  9.34252238E+01
 -1.50100067E-01  5.39816130E-03 -1.98458452E+02  9.34812314E+01
 -1.48765844E-01  5.43716139E-03 -1.98072930E+02  9.35347556E+01
 -1.47431621E-01  5.47640569E-03 -1.97687790E+02  9.35857773E+01
 -1.46097398E-01  5.51589551E-03 -1.97303030E+02  9.36342771E+01
 -1.44763175E-01  5.55563218E-03 -1.96918649E+02  9.36802356E+01
 -1.43428953E-01  5.59561702E-03 -1.96534646E+02  9.37236334E+01
 -1.42094730E-01  5.63585135E-03 -1.96151021E+02  9.37644510E+01
 -1.40760507E-01  5.67633652E-03 -1.95767773E+02  9.38026689E+01
 -1.39426284E-01  5.71707387E-03 -1.95384899E+02  9.38382676E+01
 -1.38092061E-01  5.75806475E-03 -1.95002401E+02  9.38712275E+01
 -1.36757839E-01  5.79931050E-03 -1.94620276E+02  9.39015287E+01
 -1.35423616E-01  5.84081250E-03 -1.94238524E+02  9.39291518E+01
 -1.34089393E-01  5.88257212E-03 -1.93857145E+02  9.39540769E+01
 -1.32755170E-01  5.92459071E-03 -1.93476136E+02  9.39762842E+01
 -1.31420947E-01  5.96686967E-03 -1.93095497E+02  9.39957538E+01
 -1.30086724E-01  6.00941039E-03 -1.92715228E+02  9.40124659E+01
 -1.28752502E-01  6.05221424E-03 -1.92335327E+02  9.40264006E+01
 -1.27418279E-01  6.09528264E-03 -1.91955793E+02  9.40375378E+01
 -1.26084056E-01  6.13861698E-03 -1.91576626E+02  9.40458576E+01
 -1.24749833E-01  6.18221868E-03 -1.91197825E+02  9.40513398E+01
 -1.23415610E-01  6.22608916E-03 -1.90819389E+02  9.40539644E+01
 -1.22081388E-01  6.27022984E-03 -1.90441316E+02  9.40537112E+01
 -1.20747165E-01  6.31464214E-03 -1.90063607E+02  9.40505600E+01
 -1.19412942E-01  6.35932752E-03 -1.89686260E+02  9.40444905E+01
 -1.18078719E-01  6.40428740E-03 -1.89309274E+02  9.40354825E+01
 -1.16744496E-01  6.44952325E-03 -1.88932649E+02  9.40235157E+01
 -1.15410274E-01  6.49503652E-03 -1.88556384E+02  9.40085697E+01
 -1.14076051E-01  6.54082866E-03 -1.88180477E+02  9.39906241E+01
 -1.12741828E-01  6.58690116E-03 -1.87804929E+02  9.39696585E+01
 -1.11407605E-01  6.63325548E-03 -1.87429737E+02  9.39456523E+01
 -1.10073382E-01  6.67989311E-03 -1.87054902E+02  9.39185850E+01
 -1.08739159E-01  6.72681554E-03 -1.86680423E+02  9.38884362E+01
 -1.07404937E-01  6.77402426E-03 -1.86306297E+02  9.38551851E+01
 -1.06070714E-01  6.82152078E-03 -1.85932526E+02  9.38188112E+01
 -1.04736491E-01  6.86930661E-03 -1.85559108E+02  9.37792938E+01
 -1.03402268E-01  6.91738327E-03 -1.85186042E+02  9.37366122E+01
 -1.02068045E-01  6.96575227E-03 -1.84813327E+02  9.36907455E+01
 -1.00733823E-01  7.01441514E-03 -1.84440963E+02  9.36416732E+01
 -9.93995997E-02  7.06337343E-03 -1.84068948E+02  9.35893742E+01
 -9.80653769E-02  7.11262868E-03 -1.83697282E+02  9.35338278E+01
 -9.67311541E-02  7.16218243E-03 -1.83325965E+02  9.34750131E+01
 -9.53969313E-02  7.21203625E-03 -1.82954994E+02  9.34129092E+01
 -9.40627085E-02  7.26219170E-03 -1.82584370E+02  9.33474951E+01
 -9.27284857E-02  7.31265035E-03 -1.82214092E+02  9.32787498E+01
 -9.13942628E-02  7.36341377E-03 -1.81844158E+02  9.32066524E+01
 -9.00600400E-02  7.41448356E-03 -1.81474569E+02  9.31311817E+01
 -8.87258172E-02  7.46586131E-03 -1.81105323E+02  9.30523166E+01
 -8.73915944E-02  7.51754861E-03 -1.80736419E+02  9.29700362E+01
 -8.60573716E-02  7.56954707E-03 -1.80367857E+02  9.28843191E+01
 -8.47231488E-02  7.62185831E-03 -1.79999636E+02  9.27951444E+01
 -8.33889260E-02  7.67448394E-03 -1.79631755E+02  9.27024906E+01
 -8.20547031E-02  7.72742559E-03 -1.79264213E+02  9.26063367E+01
 -8.07204803E-02  7.78068491E-03 -1.78897010E+02  9.25066614E+01
 -7.93862575E-02  7.83426352E-03 -1.78530145E+02  9.24034434E+01
 -7.80520347E-02  7.88816309E-03 -1.78163617E+02  9.22966613E+01
 -7.67178119E-02  7.94238526E-03 -1.77797425E+02  9.21862939E+01
 -7.53835891E-02  7.99693170E-03 -1.77431568E+02  9.20723198E+01
 -7.40493662E-02  8.05180408E-03 -1.77066047E+02  9.19547175E+01
 -7.27151434E-02  8.10700409E-03 -1.76700859E+02  9.18334658E+01
 -7.13809206E-02  8.16253340E-03 -1.76336004E+02  9.17085430E+01
 -7.00466978E-02  8.21839371E-03 -1.75971482E+02  9.15799279E+01
 -6.87124750E-02  8.27458673E-03 -1.75607292E+02  9.14475989E+01
 -6.73782522E-02  8.33111415E-03 -1.75243433E+02  9.13115344E+01
 -6.60440294E-02  8.38797770E-03 -1.74879904E+02  9.11717131E+01
 -6.47098065E-02  8.44517909E-03 -1.74516704E+02  9.10281133E+01
 -6.33755837E-02  8.50272007E-03 -1.74153834E+02  9.08807135E+01
 -6.20413609E-02  8.56060236E-03 -1.73791291E+02  9.07294920E+01
 -6.07071381E-02  8.61882772E-03 -1.73429076E+02  9.05744274E+01
 -5.93729153E-02  8.67739790E-03 -1.73067187E+02  9.04154979E+01
 -5.80386925E-02  8.73631466E-03 -1.72705624E+02  9.02526820E+01
 -5.67044696E-02  8.79557976E-03 -1.72344386E+02  9.00859579E+01
 -5.53702468E-02  8.85519499E-03 -1.71983472E+02  8.99153041E+01
 -5.40360240E-02  8.91516213E-03 -1.71622883E+02  8.97406988E+01
 -5.27018012E-02  8.97548297E-03 -1.71262616E+02  8.95621203E+01
 -5.13675784E-02  9.03615932E-03 -1.70902671E+02  8.93795469E+01
 -5.00333556E-02  9.09719297E-03 -1.70543048E+02  8.91929570E+01
 -4.86991328E-02  9.15858575E-03 -1.70183746E+02  8.90023286E+01
 -4.73649099E-02  9.22033948E-03 -1.69824764E+02  8.88076402E+01
 -4.60306871E-02  9.28245599E-03 -1.69466101E+02  8.86088699E+01
 -4.46964643E-02  9.34493713E-03 -1.69107757E+02  8.84059960E+01
 -4.33622415E-02  9.40778473E-03 -1.68749731E+02  8.81989967E+01
 -4.20280187E-02  9.47100065E-03 -1.68392022E+02  8.79878502E+01
 -4.06937959E-02  9.53458676E-03 -1.68034630E+02  8.77725346E+01
 -3.93595730E-02  9.59854493E-03 -1.67677554E+02  8.75530283E+01
 -3.80253502E-02  9.66287704E-03 -1.67320793E+02  8.73293094E+01
 -3.66911274E-02  9.72758498E-03 -1.66964347E+02  8.71013560E+01
 -3.53569046E-02  9.79267064E-03 -1.66608214E+02  8.68691464E+01
 -3.40226818E-02  9.85813592E-03 -1.66252395E+02  8.66326588E+01
 -3.26884590E-02  9.92398275E-03 -1.65896888E+02  8.63918712E+01
 -3.13542362E-02  9.99021303E-03 -1.65541693E+02  8.61467619E+01
 -3.00200133E-02  1.00568287E-02 -1.65186809E+02  8.58973090E+01
 -2.86857905E-02  1.01238317E-02 -1.64832236E+02  8.56434907E+01
 -2.73515677E-02  1.01912240E-02 -1.64477972E+02  8.53852852E+01
 -2.60173449E-02  1.02590075E-02 -1.64124018E+02  8.51226706E+01
 -2.46831221E-02  1.03271842E-02 -1.63770372E+02  8.48556251E+01
 -2.33488993E-02  1.03957560E-02 -1.63417033E+02  8.45841269E+01
 -2.20146765E-02  1.04647250E-02 -1.63064002E+02  8.43081542E+01
 -2.06804536E-02  1.05340931E-02 -1.62711278E+02  8.40276851E+01
 -1.93462308E-02  1.06038623E-02 -1.62358859E+02  8.37426977E+01
 -1.80120080E-02  1.06740347E-02 -1.62006746E+02  8.34531704E+01
 -1.66777852E-02  1.07446121E-02 -1.61654937E+02  8.31590813E+01
 -1.53435624E-02  1.08155968E-02 -1.61303432E+02  8.28604086E+01
 -1.40093396E-02  1.08869906E-02 -1.60952230E+02  8.25571305E+01
 -1.26751167E-02  1.09587957E-02 -1.60601331E+02  8.22492253E+01
 -1.13408939E-02  1.10310141E-02 -1.60250733E+02  8.19366711E+01
 -1.00066711E-02  1.11036477E-02 -1.59900437E+02  8.16194462E+01
 -8.67244830E-03  1.11766988E-02 -1.59550442E+02  8.12975289E+01
 -7.33822548E-03  1.12501694E-02 -1.59200746E+02  8.09708975E+01
 -6.00400267E-03  1.13240615E-02 -1.58851350E+02  8.06395302E+01
 -4.66977985E-03  1.13983773E-02 -1.58502253E+02  8.03034053E+01
 -3.33555704E-03  1.14731188E-02 -1.58153454E+02  7.99625011E+01
 -2.00133422E-03  1.15482882E-02 -1.57804953E+02  7.96167961E+01
 -6.67111408E-04  1.16238875E-02 -1.57456748E+02  7.92662684E+01
  6.67111408E-04  1.16999190E-02 -1.57108840E+02  7.89108965E+01
  2.00133422E-03  1.17763847E-02 -1.56761227E+02  7.85506589E+01
  3.33555704E-03  1.18532868E-02 -1.56413909E+02  7.81855338E+01
  4.66977985E-03  1.19306275E-02 -1.56066886E+02  7.78154997E+01
  6.00400267E-03  1.20084088E-02 -1.55720156E+02  7.74405352E+01
  7.33822548E-03  1.20866330E-02 -1.55373720E+02  7.70606186E+01
  8.67244830E-03  1.21653023E-02 -1.55027576E+02  7.66757284E+01
  1.00066711E-02  1.22444189E-02 -1.54681724E+02  7.62858433E+01
  1.13408939E-02  1.23239849E-02 -1.54336163E+02  7.58909417E+01
  1.26751167E-02  1.24040025E-02 -1.53990893E+02  7.54910022E+01
  1.40093396E-02  1.24844741E-02 -1.53645914E+02  7.50860035E+01
  1.53435624E-02  1.25654018E-02 -1.53301224E+02  7.46759242E+01
  1.66777852E-02  1.26467878E-02 -1.52956822E+02  7.42607430E+01
  1.80120080E-02  1.27286344E-02 -1.52612709E+02  7.38404385E+01
  1.93462308E-02  1.28109439E-02 -1.52268884E+02  7.34149896E+01
  2.06804536E-02  1.28937184E-02 -1.51925346E+02  7.29843750E+01
  2.20146765E-02  1.29769604E-02 -1.51582095E+02  7.25485735E+01
  2.33488993E-02  1.30606721E-02 -1.51239130E+02  7.21075640E+01
  2.46831221E-02  1.31448558E-02 -1.50896449E+02  7.16613253E+01
  2.60173449E-02  1.32295137E-02 -1.50554054E+02  7.12098364E+01
  2.73515677E-02  1.33146482E-02 -1.50211943E+02  7.07530763E+01
  2.86857905E-02  1.34002617E-02 -1.49870116E+02  7.02910239E+01
  3.00200133E-02  1.34863564E-02 -1.49528571E+02  6.98236584E+01
  3.13542362E-02  1.35729347E-02 -1.49187310E+02  6.93509587E+01
  3.26884590E-02  1.36599990E-02 -1.48846330E+02  6.88729041E+01
  3.40226818E-02  1.37475515E-02 -1.48505631E+02  6.83894738E+01
  3.53569046E-02  1.38355948E-02 -1.48165213E+02  6.79006469E+01
  3.66911274E-02  1.39241312E-02 -1.47825076E+02  6.74064028E+01
  3.80253502E-02  1.40131630E-02 -1.47485218E+02  6.69067208E+01
  3.93595730E-02  1.41026926E-02 -1.47145639E+02  6.64015802E+01
  4.06937959E-02  1.41927226E-02 -1.46806338E+02  6.58909606E+01
  4.20280187E-02  1.42832552E-02 -1.46467316E+02  6.53748413E+01
  4.33622415E-02  1.43742930E-02 -1.46128570E+02  6.48532020E+01
  4.46964643E-02  1.44658384E-02 -1.45790102E+02  6.43260222E+01
  4.60306871E-02  1.45578938E-02 -1.45451910E+02  6.37932817E+01
  4.73649099E-02  1.46504617E-02 -1.45113994E+02  6.32549601E+01
  4.86991328E-02  1.47435445E-02 -1.44776352E+02  6.27110371E+01
  5.00333556E-02  1.48371448E-02 -1.44438986E+02  6.21614927E+01
  5.13675784E-02  1.49312651E-02 -1.44101893E+02  6.16063068E+01
  5.27018012E-02  1.50259078E-02 -1.43765074E+02  6.10454592E+01
  5.40360240E-02  1.51210755E-02 -1.43428528E+02  6.04789301E+01
  5.53702468E-02  1.52167707E-02 -1.43092254E+02  5.99066995E+01
  5.67044696E-02  1.53129959E-02 -1.42756252E+02  5.93287475E+01
  5.80386925E-02  1.54097536E-02 -1.42420522E+02  5.87450546E+01
  5.93729153E-02  1.55070465E-02 -1.42085062E+02  5.81556008E+01
  6.07071381E-02  1.56048771E-02 -1.41749873E+02  5.75603666E+01
  6.20413609E-02  1.57032480E-02 -1.41414953E+02  5.69593325E+01
  6.33755837E-02  1.58021617E-02 -1.41080303E+02  5.63524790E+01
  6.47098065E-02  1.59016209E-02 -1.40745921E+02  5.57397867E+01
  6.60440294E-02  1.60016282E-02 -1.40411807E+02  5.51212362E+01
  6.73782522E-02  1.61021862E-02 -1.40077961E+02  5.44968083E+01
  6.87124750E-02  1.62032975E-02 -1.39744382E+02  5.38664839E+01
  7.00466978E-02  1.63049647E-02 -1.39411069E+02  5.32302438E+01
  7.13809206E-02  1.64071906E-02 -1.39078023E+02  5.25880692E+01
  7.27151434E-02  1.65099777E-02 -1.38745241E+02  5.19399410E+01
  7.40493662E-02  1.66133288E-02 -1.38412725E+02  5.12858404E+01
  7.53835891E-02  1.67172466E-02 -1.38080474E+02  5.06257487E+01
  7.67178119E-02  1.68217337E-02 -1.37748486E+02  4.99596473E+01
  7.80520347E-02  1.69267928E-02 -1.37416762E+02  4.92875175E+01
  7.93862575E-02  1.70324267E-02 -1.37085301E+02  4.86093410E+01
  8.07204803E-02  1.71386381E-02 -1.36754102E+02  4.79250994E+01
  8.20547031E-02  1.72454298E-02 -1.36423165E+02  4.72347743E+01
  8.33889260E-02  1.73528044E-02 -1.36092489E+02  4.65383477E+01
  8.47231488E-02  1.74607648E-02 -1.35762074E+02  4.58358013E+01
  8.60573716E-02  1.75693137E-02 -1.35431920E+02  4.51271173E+01
  8.73915944E-02  1.76784539E-02 -1.35102025E+02  4.44122778E+01
  8.87258172E-02  1.77881882E-02 -1.34772390E+02  4.36912649E+01
  9.00600400E-02  1.78985195E-02 -1.34443014E+02  4.29640610E+01
  9.13942628E-02  1.80094505E-02 -1.34113896E+02  4.22306487E+01
  9.27284857E-02  1.81209840E-02 -1.33785036E+02  4.14910103E+01
  9.40627085E-02  1.82331230E-02 -1.33456433E+02  4.07451285E+01
  9.53969313E-02  1.83458703E-02 -1.33128087E+02  3.99929862E+01
  9.67311541E-02  1.84592286E-02 -1.32799998E+02  3.92345662E+01
  9.80653769E-02  1.85732010E-02 -1.32472164E+02  3.84698515E+01
  9.93995997E-02  1.86877903E-02 -1.32144586E+02  3.76988251E+01
  1.00733823E-01  1.88029994E-02 -1.31817263E+02  3.69214704E+01
  1.02068045E-01  1.89188313E-02 -1.31490194E+02  3.61377707E+01
  1.03402268E-01  1.90352887E-02 -1.31163379E+02  3.53477094E+01
  1.04736491E-01  1.91523748E-02 -1.30836817E+02  3.45512702E+01
  1.06070714E-01  1.92700923E-02 -1.30510509E+02  3.37484367E+01
  1.07404937E-01  1.93884444E-02 -1.30184453E+02  3.29391929E+01
  1.08739159E-01  1.95074339E-02 -1.29858649E+02  3.21235226E+01
  1.10073382E-01  1.96270638E-02 -1.29533097E+02  3.13014100E+01
  1.11407605E-01  1.97473372E-02 -1.29207795E+02  3.04728393E+01
  1.12741828E-01  1.98682571E-02 -1.28882744E+02  2.96377949E+01
  1.14076051E-01  1.99898264E-02 -1.28557944E+02  2.87962614E+01
  1.15410274E-01  2.01120482E-02 -1.28233393E+02  2.79482232E+01
  1.16744496E-01  2.02349256E-02 -1.27909091E+02  2.70936653E+01
  1.18078719E-01  2.03584616E-02 -1.27585038E+02  2.62325726E+01
  1.19412942E-01  2.04826592E-02 -1.27261233E+02  2.53649300E+01
  1.20747165E-01  2.06075216E-02 -1.26937675E+02  2.44907229E+01
  1.22081388E-01  2.07330519E-02 -1.26614365E+02  2.36099366E+01
  1.23415610E-01  2.08592531E-02 -1.26291302E+02  2.27225566E+01
  1.24749833E-01  2.09861284E-02 -1.25968486E+02  2.18285686E+01
  1.26084056E-01  2.11136809E-02 -1.25645915E+02  2.09279583E+01
  1.27418279E-01  2.12419137E-02 -1.25323589E+02  2.00207118E+01
  1.28752502E-01  2.13708301E-02 -1.25001509E+02  1.91068152E+01
  1.30086724E-01  2.15004331E-02 -1.24679673E+02  1.81862547E+01
  1.31420947E-01  2.16307260E-02 -1.24358081E+02  1.72590168E+01
  1.32755170E-01  2.17617120E-02 -1.24036733E+02  1.63250881E+01
  1.34089393E-01  2.18933942E-02 -1.23715628E+02  1.53844553E+01
  1.35423616E-01  2.20257759E-02 -1.23394766E+02  1.44371055E+01
  1.36757839E-01  2.21588603E-02 -1.23074146E+02  1.34830256E+01
  1.38092061E-01  2.22926506E-02 -1.22753768E+02  1.25222031E+01
  1.39426284E-01  2.24271502E-02 -1.22433631E+02  1.15546252E+01
  1.40760507E-01  2.25623623E-02 -1.22113735E+02  1.05802797E+01
  1.42094730E-01  2.26982902E-02 -1.21794080E+02  9.59915442E+00
  1.43428953E-01  2.28349371E-02 -1.21474665E+02  8.61123722E+00
  1.44763175E-01  2.29723064E-02 -1.21155489E+02  7.61651630E+00
  1.46097398E-01  2.31104014E-02 -1.20836552E+02  6.61498001E+00
  1.47431621E-01  2.32492255E-02 -1.20517855E+02  5.60661688E+00
  1.48765844E-01  2.33887820E-02 -1.20199395E+02  4.59141562E+00
  1.50100067E-01  2.35290742E-02 -1.19881173E+02  3.56936512E+00
  1.51434290E-01  2.36701056E-02 -1.19563189E+02  2.54045450E+00
  1.52768512E-01  2.38118795E-02 -1.19245442E+02  1.50467302E+00
  1.54102735E-01  2.39543993E-02 -1.18927931E+02  4.62010194E-01
  1.55436958E-01  2.40976685E-02 -1.18610656E+02 -5.87544314E-01
  1.56771181E-01  2.42416904E-02 -1.18293617E+02 -1.64400062E+00
  1.58105404E-01  2.43864686E-02 -1.17976814E+02 -2.70736862E+00
  1.59439626E-01  2.45320065E-02 -1.17660245E+02 -3.77765805E+00
  1.60773849E-01  2.46783075E-02 -1.17343910E+02 -4.85487840E+00
  1.62108072E-01  2.48253752E-02 -1.17027810E+02 -5.93903896E+00
  1.63442295E-01  2.49732130E-02 -1.16711943E+02 -7.03014881E+00
  1.64776518E-01  2.51218244E-02 -1.16396309E+02 -8.12821682E+00
  1.66110740E-01  2.52712131E-02 -1.16080908E+02 -9.23325164E+00
  1.67444963E-01  2.54213824E-02 -1.15765739E+02 -1.03452617E+01
  1.68779186E-01  2.55723360E-02 -1.15450802E+02 -1.14642552E+01
  1.70113409E-01  2.57240775E-02 -1.15136096E+02 -1.25902402E+01
  1.71447632E-01  2.58766104E-02 -1.14821622E+02 -1.37232244E+01
  1.72781855E-01  2.60299384E-02 -1.14507378E+02 -1.48632153E+01
  1.74116077E-01  2.61840649E-02 -1.14193364E+02 -1.60102202E+01
  1.75450300E-01  2.63389937E-02 -1.13879580E+02 -1.71642463E+01
  1.76784523E-01  2.64947285E-02 -1.13566025E+02 -1.83253003E+01
  1.78118746E-01  2.66512727E-02 -1.13252700E+02 -1.94933888E+01
  1.79452969E-01  2.68086302E-02 -1.12939603E+02 -2.06685183E+01
  1.80787191E-01  2.69668046E-02 -1.12626734E+02 -2.18506947E+01
  1.82121414E-01  2.71257996E-02 -1.12314093E+02 -2.30399241E+01
  1.83455637E-01  2.72856189E-02 -1.12001679E+02 -2.42362120E+01
  1.84789860E-01  2.74462662E-02 -1.11689492E+02 -2.54395637E+01
  1.86124083E-01  2.76077453E-02 -1.11377532E+02 -2.66499844E+01
  1.87458306E-01  2.77700600E-02 -1.11065798E+02 -2.78674790E+01
  1.88792528E-01  2.79332139E-02 -1.10754289E+02 -2.90920521E+01
  1.90126751E-01  2.80972109E-02 -1.10443006E+02 -3.03237080E+01
  1.91460974E-01  2.82620548E-02 -1.10131948E+02 -3.15624507E+01
  1.92795197E-01  2.84277494E-02 -1.09821114E+02 -3.28082842E+01
  1.94129420E-01  2.85942985E-02 -1.09510504E+02 -3.40612119E+01
  1.95463642E-01  2.87617059E-02 -1.09200118E+02 -3.53212372E+01
  1.96797865E-01  2.89299756E-02 -1.08889956E+02 -3.65883630E+01
  1.98132088E-01  2.90991114E-02 -1.08580016E+02 -3.78625920E+01
  1.99466311E-01  2.92691172E-02 -1.08270299E+02 -3.91439268E+01
  2.00800534E-01  2.94399969E-02 -1.07960805E+02 -4.04323694E+01
  2.02134757E-01  2.96117543E-02 -1.07651531E+02 -4.17279218E+01
  2.03468979E-01  2.97843935E-02 -1.07342480E+02 -4.30305856E+01
  2.04803202E-01  2.99579184E-02 -1.07033649E+02 -4.43403620E+01
  2.06137425E-01  3.01323330E-02 -1.06725039E+02 -4.56572520E+01
  2.07471648E-01  3.03076412E-02 -1.06416649E+02 -4.69812565E+01
  2.08805871E-01  3.04838470E-02 -1.06108479E+02 -4.83123758E+01
  2.10140093E-01  3.06609544E-02 -1.05800529E+02 -4.96506099E+01
  2.11474316E-01  3.08389675E-02 -1.05492797E+02 -5.09959588E+01
  2.12808539E-01  3.10178903E-02 -1.05185284E+02 -5.23484220E+01
  2.14142762E-01  3.11977269E-02 -1.04877990E+02 -5.37079986E+01
  2.15476985E-01  3.13784813E-02 -1.04570913E+02 -5.50746875E+01
  2.16811207E-01  3.15601576E-02 -1.04264054E+02 -5.64484873E+01
  2.18145430E-01  3.17427599E-02 -1.03957413E+02 -5.78293963E+01
  2.19479653E-01  3.19262924E-02 -1.03650988E+02 -5.92174123E+01
  2.20813876E-01  3.21107592E-02 -1.03344779E+02 -6.06125330E+01
  2.22148099E-01  3.22961644E-02 -1.03038786E+02 -6.20147557E+01
  2.23482322E-01  3.24825122E-02 -1.02733010E+02 -6.34240773E+01
  2.24816544E-01  3.26698067E-02 -1.02427448E+02 -6.48404944E+01
  2.26150767E-01  3.28580523E-02 -1.02122102E+02 -6.62640032E+01
  2.27484990E-01  3.30472530E-02 -1.01816970E+02 -6.76945999E+01
  2.28819213E-01  3.32374132E-02 -1.01512052E+02 -6.91322799E+01
  2.30153436E-01  3.34285371E-02 -1.01207348E+02 -7.05770384E+01
  2.31487658E-01  3.36206289E-02 -1.00902857E+02 -7.20288705E+01
  2.32821881E-01  3.38136929E-02 -1.00598580E+02 -7.34877706E+01
  2.34156104E-01  3.40077335E-02 -1.00294515E+02 -7.49537330E+01
  2.35490327E-01  3.42027548E-02 -9.99906630E+01 -7.64267514E+01
  2.36824550E-01  3.43987614E-02 -9.96870227E+01 -7.79068195E+01
  2.38158773E-01  3.45957574E-02 -9.93835941E+01 -7.93939302E+01
  2.39492995E-01  3.47937473E-02 -9.90803768E+01 -8.08880763E+01
  2.40827218E-01  3.49927355E-02 -9.87773704E+01 -8.23892503E+01
  2.42161441E-01  3.51927263E-02 -9.84745746E+01 -8.38974440E+01
  2.43495664E-01  3.53937242E-02 -9.81719890E+01 -8.54126492E+01
  2.44829887E-01  3.55957336E-02 -9.78696132E+01 -8.69348572E+01
  2.46164109E-01  3.57987589E-02 -9.75674470E+01 -8.84640586E+01
  2.47498332E-01  3.60028046E-02 -9.72654899E+01 -9.00002441E+01
  2.48832555E-01  3.62078752E-02 -9.69637416E+01 -9.15434037E+01
  2.50166778E-01  3.64139751E-02 -9.66622017E+01 -9.30935272E+01
  2.51501001E-01  3.66211090E-02 -9.63608700E+01 -9.46506037E+01
  2.52835223E-01  3.68292813E-02 -9.60597459E+01 -9.62146223E+01
  2.54169446E-01  3.70384966E-02 -9.57588293E+01 -9.77855713E+01
  2.55503669E-01  3.72487594E-02 -9.54581197E+01 -9.93634390E+01
  2.56837892E-01  3.74600743E-02 -9.51576168E+01 -1.00948213E+02
  2.58172115E-01  3.76724460E-02 -9.48573202E+01 -1.02539880E+02
  2.59506338E-01  3.78858790E-02 -9.45572297E+01 -1.04138428E+02
  2.60840560E-01  3.81003780E-02 -9.42573448E+01 -1.05743843E+02
  2.62174783E-01  3.83159476E-02 -9.39576652E+01 -1.07356110E+02
  2.63509006E-01  3.85325926E-02 -9.36581905E+01 -1.08975216E+02
  2.64843229E-01  3.87503175E-02 -9.33589205E+01 -1.10601145E+02
  2.66177452E-01  3.89691272E-02 -9.30598548E+01 -1.12233883E+02
  2.67511674E-01  3.91890262E-02 -9.27609930E+01 -1.13873413E+02
  2.68845897E-01  3.94100195E-02 -9.24623349E+01 -1.15519719E+02
  2.70180120E-01  3.96321116E-02 -9.21638800E+01 -1.17172786E+02
  2.71514343E-01  3.98553075E-02 -9.18656280E+01 -1.18832594E+02
  2.72848566E-01  4.00796119E-02 -9.15675786E+01 -1.20499128E+02
  2.74182789E-01  4.03050296E-02 -9.12697315E+01 -1.22172369E+02
  2.75517011E-01  4.05315655E-02 -9.09720862E+01 -1.23852299E+02
  2.76851234E-01  4.07592243E-02 -9.06746426E+01 -1.25538898E+02
  2.78185457E-01  4.09880111E-02 -9.03774002E+01 -1.27232148E+02
  2.79519680E-01  4.12179305E-02 -9.00803588E+01 -1.28932029E+02
  2.80853903E-01  4.14489877E-02 -8.97835179E+01 -1.30638519E+02
  2.82188125E-01  4.16811874E-02 -8.94868773E+01 -1.32351600E+02
  2.83522348E-01  4.19145347E-02 -8.91904366E+01 -1.34071248E+02
  2.84856571E-01  4.21490344E-02 -8.88941955E+01 -1.35797443E+02
  2.86190794E-01  4.23846917E-02 -8.85981537E+01 -1.37530162E+02
  2.87525017E-01  4.26215113E-02 -8.83023108E+01 -1.39269383E+02
  2.88859239E-01  4.28594985E-02 -8.80066666E+01 -1.41015081E+02
  2.90193462E-01  4.30986582E-02 -8.77112206E+01 -1.42767235E+02
  2.91527685E-01  4.33389955E-02 -8.74159726E+01 -1.44525818E+02
  2.92861908E-01  4.35805154E-02 -8.71209223E+01 -1.46290807E+02
  2.94196131E-01  4.38232230E-02 -8.68260693E+01 -1.48062176E+02
  2.95530354E-01  4.40671235E-02 -8.65314133E+01 -1.49839899E+02
  2.96864576E-01  4.43122220E-02 -8.62369539E+01 -1.51623950E+02
  2.98198799E-01  4.45585236E-02 -8.59426909E+01 -1.53414303E+02
  2.99533022E-01  4.48060335E-02 -8.56486240E+01 -1.55210929E+02
  3.00867245E-01  4.50547569E-02 -8.53547528E+01 -1.57013801E+02
  3.02201468E-01  4.53046990E-02 -8.50610769E+01 -1.58822891E+02
  3.03535690E-01  4.55558650E-02 -8.47675962E+01 -1.60638169E+02
  3.04869913E-01  4.58082602E-02 -8.44743102E+01 -1.62459606E+02
  3.06204136E-01  4.60618898E-02 -8.41812187E+01 -1.64287172E+02
  3.07538359E-01  4.63167592E-02 -8.38883214E+01 -1.66120835E+02
  3.08872582E-01  4.65728735E-02 -8.35956178E+01 -1.67960566E+02
  3.10206805E-01  4.68302382E-02 -8.33031078E+01 -1.69806333E+02
  3.11541027E-01  4.70888586E-02 -8.30107910E+01 -1.71658102E+02
  3.12875250E-01  4.73487400E-02 -8.27186670E+01 -1.73515841E+02
  3.14209473E-01  4.76098879E-02 -8.24267357E+01 -1.75379516E+02
  3.15543696E-01  4.78723076E-02 -8.21349966E+01 -1.77249094E+02
  3.16877919E-01  4.81360046E-02 -8.18434495E+01 -1.79124540E+02
  3.18212141E-01  4.84009843E-02 -8.15520940E+01 -1.81005818E+02
  3.19546364E-01  4.86672522E-02 -8.12609299E+01 -1.82892893E+02
  3.20880587E-01  4.89348137E-02 -8.09699568E+01 -1.84785729E+02
  3.22214810E-01  4.92036744E-02 -8.06791745E+01 -1.86684287E+02
  3.23549033E-01  4.94738398E-02 -8.03885826E+01 -1.88588531E+02
  3.24883256E-01  4.97453154E-02 -8.00981808E+01 -1.90498423E+02
  3.26217478E-01  5.00181068E-02 -7.98079688E+01 -1.92413923E+02
  3.27551701E-01  5.02922196E-02 -7.95179464E+01 -1.94334992E+02
  3.28885924E-01  5.05676594E-02 -7.92281132E+01 -1.96261590E+02
  3.30220147E-01  5.08444319E-02 -7.89384689E+01 -1.98193676E+02
  3.31554370E-01  5.11225425E-02 -7.86490132E+01 -2.00131209E+02
  3.32888592E-01  5.14019972E-02 -7.83597459E+01 -2.02074147E+02
  3.34222815E-01  5.16828014E-02 -7.80706665E+01 -2.04022446E+02
  3.35557038E-01  5.19649610E-02 -7.77817749E+01 -2.05976065E+02
  3.36891261E-01  5.22484817E-02 -7.74930707E+01 -2.07934958E+02
  3.38225484E-01  5.25333691E-02 -7.72045537E+01 -2.09899082E+02
  3.39559706E-01  5.28196292E-02 -7.69162235E+01 -2.11868391E+02
  3.40893929E-01  5.31072677E-02 -7.66280798E+01 -2.13842839E+02
  3.42228152E-01  5.33962904E-02 -7.63401223E+01 -2.15822379E+02
  3.43562375E-01  5.36867031E-02 -7.60523509E+01 -2.17806964E+02
  3.44896598E-01  5.39785117E-02 -7.57647650E+01 -2.19796546E+02
  3.46230821E-01  5.42717222E-02 -7.54773646E+01 -2.21791077E+02
  3.47565043E-01  5.45663403E-02 -7.51901492E+01 -2.23790507E+02
  3.48899266E-01  5.48623720E-02 -7.49031186E+01 -2.25794786E+02
  3.50233489E-01  5.51598233E-02 -7.46162725E+01 -2.27803863E+02
  3.51567712E-01  5.54587001E-02 -7.43296107E+01 -2.29817687E+02
  3.52901935E-01  5.57590084E-02 -7.40431327E+01 -2.31836206E+02
  3.54236157E-01  5.60607542E-02 -7.37568384E+01 -2.33859367E+02
  3.55570380E-01  5.63639436E-02 -7.34707274E+01 -2.35887116E+02
  3.56904603E-01  5.66685826E-02 -7.31847995E+01 -2.37919398E+02
  3.58238826E-01  5.69746773E-02 -7.28990543E+01 -2.39956160E+02
  3.59573049E-01  5.72822338E-02 -7.26134917E+01 -2.41997345E+02
  3.60907272E-01  5.75912582E-02 -7.23281112E+01 -2.44042896E+02
  3.62241494E-01  5.79017567E-02 -7.20429127E+01 -2.46092756E+02
  3.63575717E-01  5.82137353E-02 -7.17578959E+01 -2.48146867E+02
  3.64909940E-01  5.85272004E-02 -7.14730603E+01 -2.50205171E+02
  3.66244163E-01  5.88421581E-02 -7.11884059E+01 -2.52267607E+02
  3.67578386E-01  5.91586147E-02 -7.09039323E+01 -2.54334116E+02
  3.68912608E-01  5.94765763E-02 -7.06196392E+01 -2.56404637E+02
  3.70246831E-01  5.97960493E-02 -7.03355263E+01 -2.58479107E+02
  3.71581054E-01  6.01170401E-02 -7.00515934E+01 -2.60557463E+02
  3.72915277E-01  6.04395548E-02 -6.97678401E+01 -2.62639644E+02
  3.74249500E-01  6.07635999E-02 -6.94842663E+01 -2.64725583E+02
  3.75583722E-01  6.10891817E-02 -6.92008716E+01 -2.66815216E+02
  3.76917945E-01  6.14163066E-02 -6.89176558E+01 -2.68908478E+02
  3.78252168E-01  6.17449811E-02 -6.86346186E+01 -2.71005301E+02
  3.79586391E-01  6.20752116E-02 -6.83517596E+01 -2.73105619E+02
  3.80920614E-01  6.24070044E-02 -6.80690787E+01 -2.75209362E+02
  3.82254837E-01  6.27403663E-02 -6.77865756E+01 -2.77316462E+02
  3.83589059E-01  6.30753035E-02 -6.75042500E+01 -2.79426849E+02
  3.84923282E-01  6.34118227E-02 -6.72221015E+01 -2.81540452E+02
  3.86257505E-01  6.37499305E-02 -6.69401301E+01 -2.83657199E+02
  3.87591728E-01  6.40896333E-02 -6.66583353E+01 -2.85777018E+02
  3.88925951E-01  6.44309379E-02 -6.63767169E+01 -2.87899835E+02
  3.90260173E-01  6.47738508E-02 -6.60952746E+01 -2.90025577E+02
  3.91594396E-01  6.51183787E-02 -6.58140082E+01 -2.92154168E+02
  3.92928619E-01  6.54645282E-02 -6.55329175E+01 -2.94285533E+02
  3.94262842E-01  6.58123061E-02 -6.52520020E+01 -2.96419594E+02
  3.95597065E-01  6.61617191E-02 -6.49712617E+01 -2.98556273E+02
  3.96931288E-01  6.65127739E-02 -6.46906961E+01 -3.00695493E+02
  3.98265510E-01  6.68654774E-02 -6.44103051E+01 -3.02837174E+02
  3.99599733E-01  6.72198362E-02 -6.41300884E+01 -3.04981235E+02
  4.00933956E-01  6.75758573E-02 -6.38500457E+01 -3.07127595E+02
  4.02268179E-01  6.79335474E-02 -6.35701767E+01 -3.09276172E+02
  4.03602402E-01  6.82929135E-02 -6.32904813E+01 -3.11426882E+02
  4.04936624E-01  6.86539624E-02 -6.30109590E+01 -3.13579642E+02
  4.06270847E-01  6.90167011E-02 -6.27316098E+01 -3.15734367E+02
  4.07605070E-01  6.93811364E-02 -6.24524332E+01 -3.17890971E+02
  4.08939293E-01  6.97472754E-02 -6.21734291E+01 -3.20049366E+02
  4.10273516E-01  7.01151251E-02 -6.18945971E+01 -3.22209466E+02
  4.11607738E-01  7.04846925E-02 -6.16159372E+01 -3.24371180E+02
  4.12941961E-01  7.08559845E-02 -6.13374488E+01 -3.26534421E+02
  4.14276184E-01  7.12290084E-02 -6.10591319E+01 -3.28699096E+02
  4.15610407E-01  7.16037712E-02 -6.07809862E+01 -3.30865114E+02
  4.16944630E-01  7.19802799E-02 -6.05030113E+01 -3.33032382E+02
  4.18278853E-01  7.23585418E-02 -6.02252071E+01 -3.35200808E+02
  4.19613075E-01  7.27385640E-02 -5.99475733E+01 -3.37370296E+02
  4.20947298E-01  7.31203537E-02 -5.96701097E+01 -3.39540750E+02
  4.22281521E-01  7.35039182E-02 -5.93928159E+01 -3.41712074E+02
  4.23615744E-01  7.38892646E-02 -5.91156918E+01 -3.43884170E+02
  4.24949967E-01  7.42764003E-02 -5.88387370E+01 -3.46056940E+02
  4.26284189E-01  7.46653326E-02 -5.85619514E+01 -3.48230284E+02
  4.27618412E-01  7.50560687E-02 -5.82853346E+01 -3.50404101E+02
  4.28952635E-01  7.54486160E-02 -5.80088865E+01 -3.52578289E+02
  4.30286858E-01  7.58429820E-02 -5.77326068E+01 -3.54752746E+02
  4.31621081E-01  7.62391739E-02 -5.74564951E+01 -3.56927367E+02
  4.32955304E-01  7.66371993E-02 -5.71805514E+01 -3.59102048E+02
  4.34289526E-01  7.70370656E-02 -5.69047753E+01 -3.61276683E+02
  4.35623749E-01  7.74387803E-02 -5.66291666E+01 -3.63451165E+02
  4.36957972E-01  7.78423508E-02 -5.63537250E+01 -3.65625384E+02
  4.38292195E-01  7.82477848E-02 -5.60784503E+01 -3.67799234E+02
  4.39626418E-01  7.86550897E-02 -5.58033423E+01 -3.69972602E+02
  4.40960640E-01  7.90642732E-02 -5.55284007E+01 -3.72145377E+02
  4.42294863E-01  7.94753428E-02 -5.52536252E+01 -3.74317447E+02
  4.43629086E-01  7.98883063E-02 -5.49790156E+01 -3.76488699E+02
  4.44963309E-01  8.03031713E-02 -5.47045717E+01 -3.78659017E+02
  4.46297532E-01  8.07199455E-02 -5.44302933E+01 -3.80828286E+02
  4.47631755E-01  8.11386366E-02 -5.41561800E+01 -3.82996389E+02
  4.48965977E-01  8.15592523E-02 -5.38822317E+01 -3.85163207E+02
  4.50300200E-01  8.19818005E-02 -5.36084480E+01 -3.87328621E+02
  4.51634423E-01  8.24062889E-02 -5.33348288E+01 -3.89492511E+02
  4.52968646E-01  8.28327254E-02 -5.30613739E+01 -3.91654754E+02
  4.54302869E-01  8.32611179E-02 -5.27880829E+01 -3.93815229E+02
  4.55637091E-01  8.36914741E-02 -5.25149557E+01 -3.95973811E+02
  4.56971314E-01  8.41238021E-02 -5.22419920E+01 -3.98130376E+02
  4.58305537E-01  8.45581098E-02 -5.19691915E+01 -4.00284795E+02
  4.59639760E-01  8.49944052E-02 -5.16965541E+01 -4.02436943E+02
  4.60973983E-01  8.54326961E-02 -5.14240795E+01 -4.04586691E+02
  4.62308205E-01  8.58729908E-02 -5.11517674E+01 -4.06733908E+02
  4.63642428E-01  8.63152972E-02 -5.08796177E+01 -4.08878463E+02
  4.64976651E-01  8.67596234E-02 -5.06076300E+01 -4.11020224E+02
  4.66310874E-01  8.72059776E-02 -5.03358042E+01 -4.13159057E+02
  4.67645097E-01  8.76543678E-02 -5.00641400E+01 -4.15294827E+02
  4.68979320E-01  8.81048023E-02 -4.97926373E+01 -4.17427398E+02
  4.70313542E-01  8.85572892E-02 -4.95212956E+01 -4.19556633E+02
  4.71647765E-01  8.90118367E-02 -4.92501149E+01 -4.21682393E+02
  4.72981988E-01  8.94684532E-02 -4.89790949E+01 -4.23804539E+02
  4.74316211E-01  8.99271469E-02 -4.87082353E+01 -4.25922928E+02
  4.75650434E-01  9.03879261E-02 -4.84375360E+01 -4.28037418E+02
  4.76984656E-01  9.08507992E-02 -4.81669966E+01 -4.30147866E+02
  4.78318879E-01  9.13157744E-02 -4.78966170E+01 -4.32254126E+02
  4.79653102E-01  9.17828604E-02 -4.76263970E+01 -4.34356052E+02
  4.80987325E-01  9.22520653E-02 -4.73563363E+01 -4.36453496E+02
  4.82321548E-01  9.27233978E-02 -4.70864347E+01 -4.38546310E+02
  4.83655771E-01  9.31968663E-02 -4.68166919E+01 -4.40634342E+02
  4.84989993E-01  9.36724793E-02 -4.65471077E+01 -4.42717441E+02
  4.86324216E-01  9.41502454E-02 -4.62776820E+01 -4.44795455E+02
  4.87658439E-01  9.46301731E-02 -4.60084144E+01 -4.46868227E+02
  4.88992662E-01  9.51122710E-02 -4.57393048E+01 -4.48935603E+02
  4.90326885E-01  9.55965479E-02 -4.54703529E+01 -4.50997426E+02
  4.91661107E-01  9.60830123E-02 -4.52015585E+01 -4.53053536E+02
  4.92995330E-01  9.65716730E-02 -4.49329214E+01 -4.55103774E+02
  4.94329553E-01  9.70625386E-02 -4.46644414E+01 -4.57147979E+02
  4.95663776E-01  9.75556180E-02 -4.43961181E+01 -4.59185987E+02
  4.96997999E-01  9.80509199E-02 -4.41279515E+01 -4.61217635E+02
  4.98332221E-01  9.85484531E-02 -4.38599413E+01 -4.63242756E+02
  4.99666444E-01  9.90482265E-02 -4.35920873E+01 -4.65261184E+02
  5.01000667E-01  9.95502490E-02 -4.33243892E+01 -4.67272751E+02
  5.02334890E-01  1.00054530E-01 -4.30568468E+01 -4.69277285E+02
  5.03669113E-01  1.00561077E-01 -4.27894599E+01 -4.71274617E+02
  5.05003336E-01  1.01069900E-01 -4.25222283E+01 -4.73264572E+02
  5.06337558E-01  1.01581008E-01 -4.22551518E+01 -4.75246977E+02
  5.07671781E-01  1.02094410E-01 -4.19882302E+01 -4.77221656E+02
  5.09006004E-01  1.02610116E-01 -4.17214632E+01 -4.79188432E+02
  5.10340227E-01  1.03128133E-01 -4.14548506E+01 -4.81147125E+02
  5.11674450E-01  1.03648471E-01 -4.11883921E+01 -4.83097555E+02
  5.13008672E-01  1.04171140E-01 -4.09220877E+01 -4.85039541E+02
  5.14342895E-01  1.04696148E-01 -4.06559371E+01 -4.86972898E+02
  5.15677118E-01  1.05223505E-01 -4.03899400E+01 -4.88897443E+02
  5.17011341E-01  1.05753221E-01 -4.01240962E+01 -4.90812989E+02
  5.18345564E-01  1.06285303E-01 -3.98584056E+01 -4.92719347E+02
  5.19679787E-01  1.06819762E-01 -3.95928678E+01 -4.94616328E+02
  5.21014009E-01  1.07356607E-01 -3.93274828E+01 -4.96503741E+02
  5.22348232E-01  1.07895848E-01 -3.90622503E+01 -4.98381393E+02
  5.23682455E-01  1.08437493E-01 -3.87971700E+01 -5.00249090E+02
  5.25016678E-01  1.08981553E-01 -3.85322418E+01 -5.02106636E+02
  5.26350901E-01  1.09528036E-01 -3.82674654E+01 -5.03953833E+02
  5.27685123E-01  1.10076952E-01 -3.80028407E+01 -5.05790483E+02
  5.29019346E-01  1.10628312E-01 -3.77383674E+01 -5.07616383E+02
  5.30353569E-01  1.11182123E-01 -3.74740453E+01 -5.09431333E+02
  5.31687792E-01  1.11738397E-01 -3.72098742E+01 -5.11235128E+02
  5.33022015E-01  1.12297142E-01 -3.69458539E+01 -5.13027562E+02
  5.34356237E-01  1.12858368E-01 -3.66819842E+01 -5.14808428E+02
  5.35690460E-01  1.13422086E-01 -3.64182649E+01 -5.16577517E+02
  5.37024683E-01  1.13988304E-01 -3.61546958E+01 -5.18334618E+02
  5.38358906E-01  1.14557032E-01 -3.58912766E+01 -5.20079518E+02
  5.39693129E-01  1.15128281E-01 -3.56280072E+01 -5.21812004E+02
  5.41027352E-01  1.15702060E-01 -3.53648873E+01 -5.23531860E+02
  5.42361574E-01  1.16278379E-01 -3.51019168E+01 -5.25238868E+02
  5.43695797E-01  1.16857248E-01 -3.48390954E+01 -5.26932809E+02
  5.45030020E-01  1.17438677E-01 -3.45764230E+01 -5.28613462E+02
  5.46364243E-01  1.18022676E-01 -3.43138993E+01 -5.30280603E+02
  5.47698466E-01  1.18609255E-01 -3.40515241E+01 -5.31934010E+02
  5.49032688E-01  1.19198423E-01 -3.37892973E+01 -5.33573454E+02
  5.50366911E-01  1.19790191E-01 -3.35272186E+01 -5.35198709E+02
  5.51701134E-01  1.20384570E-01 -3.32652878E+01 -5.36809545E+02
  5.53035357E-01  1.20981569E-01 -3.30035047E+01 -5.38405728E+02
  5.54369580E-01  1.21581198E-01 -3.27418691E+01 -5.39987028E+02
  5.55703803E-01  1.22183468E-01 -3.24803809E+01 -5.41553206E+02
  5.57038025E-01  1.22788389E-01 -3.22190397E+01 -5.43104028E+02
  5.58372248E-01  1.23395971E-01 -3.19578455E+01 -5.44639254E+02
  5.59706471E-01  1.24006224E-01 -3.16967980E+01 -5.46158642E+02
  5.61040694E-01  1.24619160E-01 -3.14358970E+01 -5.47661951E+02
  5.62374917E-01  1.25234787E-01 -3.11751423E+01 -5.49148936E+02
  5.63709139E-01  1.25853117E-01 -3.09145337E+01 -5.50619351E+02
  5.65043362E-01  1.26474161E-01 -3.06540711E+01 -5.52072946E+02
  5.66377585E-01  1.27097928E-01 -3.03937541E+01 -5.53509472E+02
  5.67711808E-01  1.27724429E-01 -3.01335827E+01 -5.54928677E+02
  5.69046031E-01  1.28353675E-01 -2.98735566E+01 -5.56330307E+02
  5.70380254E-01  1.28985676E-01 -2.96136757E+01 -5.57714106E+02
  5.71714476E-01  1.29620443E-01 -2.93539397E+01 -5.59079815E+02
  5.73048699E-01  1.30257987E-01 -2.90943484E+01 -5.60427176E+02
  5.74382922E-01  1.30898319E-01 -2.88349016E+01 -5.61755925E+02
  5.75717145E-01  1.31541448E-01 -2.85755992E+01 -5.63065801E+02
  5.77051368E-01  1.32187386E-01 -2.83164410E+01 -5.64356535E+02
  5.78385590E-01  1.32836144E-01 -2.80574267E+01 -5.65627862E+02
  5.79719813E-01  1.33487733E-01 -2.77985562E+01 -5.66879511E+02
  5.81054036E-01  1.34142163E-01 -2.75398292E+01 -5.68111210E+02
  5.82388259E-01  1.34799445E-01 -2.72812457E+01 -5.69322685E+02
  5.83722482E-01  1.35459591E-01 -2.70228053E+01 -5.70513661E+02
  5.85056704E-01  1.36122611E-01 -2.67645079E+01 -5.71683860E+02
  5.86390927E-01  1.36788516E-01 -2.65063533E+01 -5.72833001E+02
  5.87725150E-01  1.37457319E-01 -2.62483413E+01 -5.73960803E+02
  5.89059373E-01  1.38129028E-01 -2.59904718E+01 -5.75066982E+02
  5.90393596E-01  1.38803657E-01 -2.57327445E+01 -5.76151251E+02
  5.91727819E-01  1.39481215E-01 -2.54751592E+01 -5.77213322E+02
  5.93062041E-01  1.40161714E-01 -2.52177158E+01 -5.78252904E+02
  5.94396264E-01  1.40845166E-01 -2.49604140E+01 -5.79269705E+02
  5.95730487E-01  1.41531582E-01 -2.47032537E+01 -5.80263431E+02
  5.97064710E-01  1.42220973E-01 -2.44462347E+01 -5.81233784E+02
  5.98398933E-01  1.42913350E-01 -2.41893568E+01 -5.82180465E+02
  5.99733155E-01  1.43608725E-01 -2.39326198E+01 -5.83103173E+02
  6.01067378E-01  1.44307109E-01 -2.36760235E+01 -5.84001605E+02
  6.02401601E-01  1.45008514E-01 -2.34195678E+01 -5.84875455E+02
  6.03735824E-01  1.45712952E-01 -2.31632524E+01 -5.85724416E+02
  6.05070047E-01  1.46420433E-01 -2.29070772E+01 -5.86548177E+02
  6.06404270E-01  1.47130970E-01 -2.26510420E+01 -5.87346426E+02
  6.07738492E-01  1.47844575E-01 -2.23951466E+01 -5.88118849E+02
  6.09072715E-01  1.48561258E-01 -2.21393907E+01 -5.88865128E+02
  6.10406938E-01  1.49281031E-01 -2.18837743E+01 -5.89584946E+02
  6.11741161E-01  1.50003907E-01 -2.16282972E+01 -5.90277980E+02
  6.13075384E-01  1.50729897E-01 -2.13729591E+01 -5.90943907E+02
  6.14409606E-01  1.51459014E-01 -2.11177599E+01 -5.91582401E+02
  6.15743829E-01  1.52191268E-01 -2.08626993E+01 -5.92193134E+02
  6.17078052E-01  1.52926671E-01 -2.06077773E+01 -5.92775776E+02
  6.18412275E-01  1.53665237E-01 -2.03529936E+01 -5.93329993E+02
  6.19746498E-01  1.54406976E-01 -2.00983481E+01 -5.93855450E+02
  6.21080720E-01  1.55151902E-01 -1.98438405E+01 -5.94351811E+02
  6.22414943E-01  1.55900025E-01 -1.95894707E+01 -5.94818734E+02
  6.23749166E-01  1.56651358E-01 -1.93352386E+01 -5.95255877E+02
  6.25083389E-01  1.57405913E-01 -1.90811438E+01 -5.95662896E+02
  6.26417612E-01  1.58163703E-01 -1.88271863E+01 -5.96039444E+02
  6.27751835E-01  1.58924739E-01 -1.85733659E+01 -5.96385170E+02
  6.29086057E-01  1.59689034E-01 -1.83196823E+01 -5.96699724E+02
  6.30420280E-01  1.60456600E-01 -1.80661355E+01 -5.96982750E+02
  6.31754503E-01  1.61227450E-01 -1.78127252E+01 -5.97233891E+02
  6.33088726E-01  1.62001596E-01 -1.75594512E+01 -5.97452789E+02
  6.34422949E-01  1.62779050E-01 -1.73063134E+01 -5.97639080E+02
  6.35757171E-01  1.63559826E-01 -1.70533116E+01 -5.97792402E+02
  6.37091394E-01  1.64343934E-01 -1.68004457E+01 -5.97912386E+02
  6.38425617E-01  1.65131389E-01 -1.65477154E+01 -5.97998663E+02
  6.39759840E-01  1.65922203E-01 -1.62951205E+01 -5.98050862E+02
  6.41094063E-01  1.66716387E-01 -1.60426610E+01 -5.98068608E+02
  6.42428286E-01  1.67513956E-01 -1.57903365E+01 -5.98051523E+02
  6.43762508E-01  1.68314921E-01 -1.55381471E+01 -5.97999229E+02
  6.45096731E-01  1.69119296E-01 -1.52860923E+01 -5.97911342E+02
  6.46430954E-01  1.69927093E-01 -1.50341722E+01 -5.97787477E+02
  6.47765177E-01  1.70738326E-01 -1.47823865E+01 -5.97627249E+02
  6.49099400E-01  1.71553006E-01 -1.45307351E+01 -5.97430265E+02
  6.50433622E-01  1.72371148E-01 -1.42792177E+01 -5.97196133E+02
  6.51767845E-01  1.73192763E-01 -1.40278343E+01 -5.96924458E+02
  6.53102068E-01  1.74017866E-01 -1.37765845E+01 -5.96614842E+02
  6.54436291E-01  1.74846469E-01 -1.35254684E+01 -5.96266884E+02
  6.55770514E-01  1.75678585E-01 -1.32744856E+01 -5.95880180E+02
  6.57104736E-01  1.76514227E-01 -1.30236360E+01 -5.95454324E+02
  6.58438959E-01  1.77353409E-01 -1.27729195E+01 -5.94988907E+02
  6.59773182E-01  1.78196144E-01 -1.25223359E+01 -5.94483518E+02
  6.61107405E-01  1.79042445E-01 -1.22718849E+01 -5.93937741E+02
  6.62441628E-01  1.79892326E-01 -1.20215665E+01 -5.93351160E+02
  6.63775851E-01  1.80745799E-01 -1.17713805E+01 -5.92723355E+02
  6.65110073E-01  1.81602879E-01 -1.15213267E+01 -5.92053902E+02
  6.66444296E-01  1.82463579E-01 -1.12714049E+01 -5.91342377E+02
  6.67778519E-01  1.83327911E-01 -1.10216149E+01 -5.90588350E+02
  6.69112742E-01  1.84195891E-01 -1.07719567E+01 -5.89791390E+02
  6.70446965E-01  1.85067531E-01 -1.05224299E+01 -5.88951064E+02
  6.71781187E-01  1.85942845E-01 -1.02730346E+01 -5.88066934E+02
  6.73115410E-01  1.86821847E-01 -1.00237704E+01 -5.87138560E+02
  6.74449633E-01  1.87704551E-01 -9.77463723E+00 -5.86165499E+02
  6.75783856E-01  1.88590970E-01 -9.52563493E+00 -5.85147306E+02
  6.77118079E-01  1.89481118E-01 -9.27676333E+00 -5.84083532E+02
  6.78452302E-01  1.90375009E-01 -9.02802225E+00 -5.82973725E+02
  6.79786524E-01  1.91272656E-01 -8.77941153E+00 -5.81817431E+02
  6.81120747E-01  1.92174075E-01 -8.53093100E+00 -5.80614193E+02
  6.82454970E-01  1.93079279E-01 -8.28258051E+00 -5.79363549E+02
  6.83789193E-01  1.93988281E-01 -8.03435988E+00 -5.78065036E+02
  6.85123416E-01  1.94901097E-01 -7.78626896E+00 -5.76718188E+02
  6.86457638E-01  1.95817739E-01 -7.53830757E+00 -5.75322535E+02
  6.87791861E-01  1.96738223E-01 -7.29047557E+00 -5.73877605E+02
  6.89126084E-01  1.97662563E-01 -7.04277277E+00 -5.72382921E+02
  6.90460307E-01  1.98590772E-01 -6.79519902E+00 -5.70838006E+02
  6.91794530E-01  1.99522866E-01 -6.54775417E+00 -5.69242377E+02
  6.93128753E-01  2.00458858E-01 -6.30043804E+00 -5.67595549E+02
  6.94462975E-01  2.01398763E-01 -6.05325047E+00 -5.65897034E+02
  6.95797198E-01  2.02342595E-01 -5.80619130E+00 -5.64146341E+02
  6.97131421E-01  2.03290370E-01 -5.55926038E+00 -5.62342975E+02
  6.98465644E-01  2.04242101E-01 -5.31245754E+00 -5.60486440E+02
  6.99799867E-01  2.05197803E-01 -5.06578262E+00 -5.58576234E+02
  7.01134089E-01  2.06157491E-01 -4.81923546E+00 -5.56611854E+02
  7.02468312E-01  2.07121179E-01 -4.57281590E+00 -5.54592791E+02
  7.03802535E-01  2.08088883E-01 -4.32652379E+00 -5.52518537E+02
  7.05136758E-01  2.09060616E-01 -4.08035895E+00 -5.50388577E+02
  7.06470981E-01  2.10036395E-01 -3.83432124E+00 -5.48202394E+02
  7.07805203E-01  2.11016233E-01 -3.58841050E+00 -5.45959469E+02
  7.09139426E-01  2.12000146E-01 -3.34262657E+00 -5.43659277E+02
  7.10473649E-01  2.12988149E-01 -3.09696928E+00 -5.41301293E+02
  7.11807872E-01  2.13980257E-01 -2.85143849E+00 -5.38884985E+02
  7.13142095E-01  2.14976484E-01 -2.60603403E+00 -5.36409821E+02
  7.14476318E-01  2.15976846E-01 -2.36075575E+00 -5.33875264E+02
  7.15810540E-01  2.16981359E-01 -2.11560349E+00 -5.31280773E+02
  7.17144763E-01  2.17990036E-01 -1.87057710E+00 -5.28625805E+02
  7.18478986E-01  2.19002895E-01 -1.62567641E+00 -5.25909814E+02
  7.19813209E-01  2.20019949E-01 -1.38090128E+00 -5.23132248E+02
  7.21147432E-01  2.21041215E-01 -1.13625155E+00 -5.20292554E+02
  7.22481654E-01  2.22066708E-01 -8.91727065E-01 -5.17390174E+02
  7.23815877E-01  2.23096443E-01 -6.47327668E-01 -5.14424548E+02
  7.25150100E-01  2.24130436E-01 -4.03053205E-01 -5.11395112E+02
  7.26484323E-01  2.25168702E-01 -1.58903523E-01 -5.08301297E+02
  7.27818546E-01  2.26211257E-01  8.51215323E-02 -5.05142533E+02
  7.29152769E-01  2.27258117E-01  3.29022114E-01 -5.01918244E+02
  7.30486991E-01  2.28309297E-01  5.72798375E-01 -4.98627853E+02
  7.31821214E-01  2.29364814E-01  8.16450469E-01 -4.95270777E+02
  7.33155437E-01  2.30424683E-01  1.05997855E+00 -4.91846430E+02
  7.34489660E-01  2.31488919E-01  1.30338276E+00 -4.88354224E+02
  7.35823883E-01  2.32557540E-01  1.54666327E+00 -4.84793566E+02
  7.37158105E-01  2.33630560E-01  1.78982021E+00 -4.81163859E+02
  7.38492328E-01  2.34707996E-01  2.03285375E+00 -4.77464503E+02
  7.39826551E-01  2.35789865E-01  2.27576403E+00 -4.73694895E+02
  7.41160774E-01  2.36876181E-01  2.51855121E+00 -4.69854426E+02
  7.42494997E-01  2.37966962E-01  2.76121543E+00 -4.65942486E+02
  7.43829219E-01  2.39062223E-01  3.00375684E+00 -4.61958460E+02
  7.45163442E-01  2.40161981E-01  3.24617560E+00 -4.57901729E+02
  7.46497665E-01  2.41266252E-01  3.48847185E+00 -4.53771670E+02
  7.47831888E-01  2.42375053E-01  3.73064574E+00 -4.49567658E+02
  7.49166111E-01  2.43488400E-01  3.97269743E+00 -4.45289062E+02
  7.50500334E-01  2.44606310E-01  4.21462706E+00 -4.40935249E+02
  7.51834556E-01  2.45728798E-01  4.45643477E+00 -4.36505580E+02
  7.53168779E-01  2.46855882E-01  4.69812073E+00 -4.31999414E+02
  7.54503002E-01  2.47987579E-01  4.93968507E+00 -4.27416106E+02
  7.55837225E-01  2.49123905E-01  5.18112794E+00 -4.22755007E+02
  7.57171448E-01  2.50264876E-01  5.42244949E+00 -4.18015463E+02
  7.58505670E-01  2.51410510E-01  5.66364987E+00 -4.13196816E+02
  7.59839893E-01  2.52560824E-01  5.90472922E+00 -4.08298407E+02
  7.61174116E-01  2.53715834E-01  6.14568769E+00 -4.03319569E+02
  7.62508339E-01  2.54875558E-01  6.38652543E+00 -3.98259633E+02
  7.63842562E-01  2.56040012E-01  6.62724258E+00 -3.93117928E+02
  7.65176785E-01  2.57209214E-01  6.86783928E+00 -3.87893774E+02
  7.66511007E-01  2.58383180E-01  7.10831569E+00 -3.82586492E+02
  7.67845230E-01  2.59561929E-01  7.34867195E+00 -3.77195396E+02
  7.69179453E-01  2.60745476E-01  7.58890819E+00 -3.71719796E+02
  7.70513676E-01  2.61933840E-01  7.82902458E+00 -3.66159000E+02
  7.71847899E-01  2.63127038E-01  8.06902124E+00 -3.60512310E+02
  7.73182121E-01  2.64325087E-01  8.30889833E+00 -3.54779023E+02
  7.74516344E-01  2.65528005E-01  8.54865599E+00 -3.48958435E+02
  7.75850567E-01  2.66735809E-01  8.78829436E+00 -3.43049835E+02
  7.77184790E-01  2.67948517E-01  9.02781358E+00 -3.37052509E+02
  7.78519013E-01  2.69166147E-01  9.26721380E+00 -3.30965739E+02
  7.79853235E-01  2.70388716E-01  9.50649516E+00 -3.24788801E+02
  7.81187458E-01  2.71616241E-01  9.74565780E+00 -3.18520970E+02
  7.82521681E-01  2.72848741E-01  9.98470186E+00 -3.12161513E+02
  7.83855904E-01  2.74086234E-01  1.02236275E+01 -3.05709696E+02
  7.85190127E-01  2.75328738E-01  1.04624348E+01 -2.99164779E+02
  7.86524350E-01  2.76576270E-01  1.07011240E+01 -2.92526016E+02
  7.87858572E-01  2.77828848E-01  1.09396952E+01 -2.85792661E+02
  7.89192795E-01  2.79086491E-01  1.11781485E+01 -2.78963960E+02
  7.90527018E-01  2.80349217E-01  1.14164841E+01 -2.72039155E+02
  7.91861241E-01  2.81617044E-01  1.16547020E+01 -2.65017486E+02
  7.93195464E-01  2.82889990E-01  1.18928026E+01 -2.57898185E+02
  7.94529686E-01  2.84168073E-01  1.21307858E+01 -2.50680484E+02
  7.95863909E-01  2.85451313E-01  1.23686518E+01 -2.43363605E+02
  7.97198132E-01  2.86739726E-01  1.26064008E+01 -2.35946770E+02
  7.98532355E-01  2.88033333E-01  1.28440329E+01 -2.28429195E+02
  7.99866578E-01  2.89332151E-01  1.30815483E+01 -2.20810091E+02
  8.01200801E-01  2.90636199E-01  1.33189470E+01 -2.13088665E+02
  8.02535023E-01  2.91945496E-01  1.35562293E+01 -2.05264119E+02
  8.03869246E-01  2.93260060E-01  1.37933952E+01 -1.97335652E+02
  8.05203469E-01  2.94579910E-01  1.40304449E+01 -1.89302455E+02
  8.06537692E-01  2.95905065E-01  1.42673786E+01 -1.81163717E+02
  8.07871915E-01  2.97235545E-01  1.45041963E+01 -1.72918622E+02
  8.09206137E-01  2.98571367E-01  1.47408982E+01 -1.64566350E+02
  8.10540360E-01  2.99912551E-01  1.49774845E+01 -1.56106074E+02
  8.11874583E-01  3.01259116E-01  1.52139552E+01 -1.47536964E+02
  8.13208806E-01  3.02611081E-01  1.54503106E+01 -1.38858184E+02
  8.14543029E-01  3.03968465E-01  1.56865507E+01 -1.30068896E+02
  8.15877252E-01  3.05331288E-01  1.59226756E+01 -1.21168254E+02
  8.17211474E-01  3.06699569E-01  1.61586856E+01 -1.12155408E+02
  8.18545697E-01  3.08073327E-01  1.63945808E+01 -1.03029505E+02
  8.19879920E-01  3.09452582E-01  1.66303613E+01 -9.37896845E+01
  8.21214143E-01  3.10837353E-01  1.68660271E+01 -8.44350833E+01
  8.22548366E-01  3.12227660E-01  1.71015785E+01 -7.49648320E+01
  8.23882588E-01  3.13623522E-01  1.73370157E+01 -6.53780567E+01
  8.25216811E-01  3.15024959E-01  1.75723386E+01 -5.56738785E+01
  8.26551034E-01  3.16431991E-01  1.78075475E+01 -4.58514136E+01
  8.27885257E-01  3.17844638E-01  1.80426425E+01 -3.59097732E+01
  8.29219480E-01  3.19262920E-01  1.82776237E+01 -2.58480633E+01
  8.30553702E-01  3.20686855E-01  1.85124913E+01 -1.56653850E+01
  8.31887925E-01  3.22116466E-01  1.87472453E+01 -5.36083451E+00
  8.33222148E-01  3.23551770E-01  1.89818860E+01  5.06649733E+00
  8.34556371E-01  3.24992790E-01  1.92164134E+01  1.56175247E+01
  8.35890594E-01  3.26439544E-01  1.94508278E+01  2.62931667E+01
  8.37224817E-01  3.27892053E-01  1.96851291E+01  3.70943479E+01
  8.38559039E-01  3.29350337E-01  1.99193176E+01  4.80219979E+01
  8.39893262E-01  3.30814417E-01  2.01533933E+01  5.90770514E+01
  8.41227485E-01  3.32284313E-01  2.03873565E+01  7.02604485E+01
  8.42561708E-01  3.33760046E-01  2.06212072E+01  8.15731345E+01
  8.43895931E-01  3.35241636E-01  2.08549455E+01  9.30160597E+01
  8.45230153E-01  3.36729104E-01  2.10885717E+01  1.04590180E+02
  8.46564376E-01  3.38222471E-01  2.13220858E+01  1.16296457E+02
  8.47898599E-01  3.39721756E-01  2.15554879E+01  1.28135856E+02
  8.49232822E-01  3.41226982E-01  2.17887782E+01  1.40109350E+02
  8.50567045E-01  3.42738169E-01  2.20219569E+01  1.52217916E+02
  8.51901268E-01  3.44255337E-01  2.22550240E+01  1.64462536E+02
  8.53235490E-01  3.45778508E-01  2.24879796E+01  1.76844199E+02
  8.54569713E-01  3.47307704E-01  2.27208240E+01  1.89363898E+02
  8.55903936E-01  3.48842944E-01  2.29535571E+01  2.02022631E+02
  8.57238159E-01  3.50384251E-01  2.31861793E+01  2.14821405E+02
  8.58572382E-01  3.51931645E-01  2.34186905E+01  2.27761227E+02
  8.59906604E-01  3.53485148E-01  2.36510909E+01  2.40843115E+02
  8.61240827E-01  3.55044782E-01  2.38833807E+01  2.54068089E+02
  8.62575050E-01  3.56610567E-01  2.41155599E+01  2.67437175E+02
  8.63909273E-01  3.58182526E-01  2.43476288E+01  2.80951408E+02
  8.65243496E-01  3.59760679E-01  2.45795873E+01  2.94611823E+02
  8.66577718E-01  3.61345049E-01  2.48114357E+01  3.08419466E+02
  8.67911941E-01  3.62935658E-01  2.50431740E+01  3.22375385E+02
  8.69246164E-01  3.64532526E-01  2.52748025E+01  3.36480636E+02
  8.70580387E-01  3.66135677E-01  2.55063211E+01  3.50736280E+02
  8.71914610E-01  3.67745131E-01  2.57377301E+01  3.65143383E+02
  8.73248833E-01  3.69360911E-01  2.59690296E+01  3.79703017E+02
  8.74583055E-01  3.70983040E-01  2.62002197E+01  3.94416262E+02
  8.75917278E-01  3.72611538E-01  2.64313004E+01  4.09284201E+02
  8.77251501E-01  3.74246429E-01  2.66622721E+01  4.24307924E+02
  8.78585724E-01  3.75887734E-01  2.68931347E+01  4.39488528E+02
  8.79919947E-01  3.77535476E-01  2.71238883E+01  4.54827113E+02
  8.81254169E-01  3.79189678E-01  2.73545332E+01  4.70324789E+02
  8.82588392E-01  3.80850361E-01  2.75850695E+01  4.85982668E+02
  8.83922615E-01  3.82517549E-01  2.78154972E+01  5.01801870E+02
  8.85256838E-01  3.84191263E-01  2.80458164E+01  5.17783523E+02
  8.86591061E-01  3.85871528E-01  2.82760274E+01  5.33928756E+02
  8.87925284E-01  3.87558364E-01  2.85061302E+01  5.50238709E+02
  8.89259506E-01  3.89251796E-01  2.87361250E+01  5.66714525E+02
  8.90593729E-01  3.90951847E-01  2.89660118E+01  5.83357356E+02
  8.91927952E-01  3.92658538E-01  2.91957908E+01  6.00168356E+02
  8.93262175E-01  3.94371893E-01  2.94254622E+01  6.17148689E+02
  8.94596398E-01  3.96091936E-01  2.96550260E+01  6.34299524E+02
  8.95930620E-01  3.97818689E-01  2.98844823E+01  6.51622035E+02
  8.97264843E-01  3.99552175E-01  3.01138313E+01  6.69117405E+02
  8.98599066E-01  4.01292419E-01  3.03430731E+01  6.86786820E+02
  8.99933289E-01  4.03039443E-01  3.05722078E+01  7.04631475E+02
  9.01267512E-01  4.04793271E-01  3.08012356E+01  7.22652570E+02
  9.02601734E-01  4.06553926E-01  3.10301565E+01  7.40851312E+02
  9.03935957E-01  4.08321432E-01  3.12589707E+01  7.59228914E+02
  9.05270180E-01  4.10095813E-01  3.14876784E+01  7.77786596E+02
  9.06604403E-01  4.11877092E-01  3.17162795E+01  7.96525583E+02
  9.07938626E-01  4.13665294E-01  3.19447742E+01  8.15447108E+02
  9.09272849E-01  4.15460441E-01  3.21731628E+01  8.34552411E+02
  9.10607071E-01  4.17262559E-01  3.24014452E+01  8.53842736E+02
  9.11941294E-01  4.19071671E-01  3.26296216E+01  8.73319337E+02
  9.13275517E-01  4.20887800E-01  3.28576921E+01  8.92983471E+02
  9.14609740E-01  4.22710973E-01  3.30856568E+01  9.12836404E+02
  9.15943963E-01  4.24541212E-01  3.33135159E+01  9.32879409E+02
  9.17278185E-01  4.26378541E-01  3.35412694E+01  9.53113763E+02
  9.18612408E-01  4.28222987E-01  3.37689175E+01  9.73540754E+02
  9.19946631E-01  4.30074572E-01  3.39964604E+01  9.94161672E+02
  9.21280854E-01  4.31933321E-01  3.42238980E+01  1.01497782E+03
  9.22615077E-01  4.33799260E-01  3.44512306E+01  1.03599049E+03
  9.23949300E-01  4.35672412E-01  3.46784582E+01  1.05720102E+03
  9.25283522E-01  4.37552803E-01  3.49055810E+01  1.07861070E+03
  9.26617745E-01  4.39440457E-01  3.51325991E+01  1.10022088E+03
  9.27951968E-01  4.41335400E-01  3.53595126E+01  1.12203289E+03
  9.29286191E-01  4.43237655E-01  3.55863216E+01  1.14404806E+03
  9.30620414E-01  4.45147250E-01  3.58130262E+01  1.16626774E+03
  9.31954636E-01  4.47064207E-01  3.60396265E+01  1.18869328E+03
  9.33288859E-01  4.48988554E-01  3.62661228E+01  1.21132606E+03
  9.34623082E-01  4.50920314E-01  3.64925150E+01  1.23416743E+03
  9.35957305E-01  4.52859514E-01  3.67188033E+01  1.25721877E+03
  9.37291528E-01  4.54806179E-01  3.69449878E+01  1.28048147E+03
  9.38625751E-01  4.56760334E-01  3.71710686E+01  1.30395691E+03
  9.39959973E-01  4.58722006E-01  3.73970459E+01  1.32764649E+03
  9.41294196E-01  4.60691219E-01  3.76229197E+01  1.35155162E+03
  9.42628419E-01  4.62667999E-01  3.78486901E+01  1.37567370E+03
  9.43962642E-01  4.64652373E-01  3.80743574E+01  1.40001416E+03
  9.45296865E-01  4.66644366E-01  3.82999215E+01  1.42457442E+03
  9.46631087E-01  4.68644005E-01  3.85253826E+01  1.44935592E+03
  9.47965310E-01  4.70651315E-01  3.87507408E+01  1.47436009E+03
  9.49299533E-01  4.72666322E-01  3.89759963E+01  1.49958838E+03
  9.50633756E-01  4.74689053E-01  3.92011491E+01  1.52504225E+03
  9.51967979E-01  4.76719534E-01  3.94261994E+01  1.55072317E+03
  9.53302201E-01  4.78757792E-01  3.96511472E+01  1.57663260E+03
  9.54636424E-01  4.80803853E-01  3.98759927E+01  1.60277201E+03
  9.55970647E-01  4.82857743E-01  4.01007360E+01  1.62914291E+03
  9.57304870E-01  4.84919489E-01  4.03253772E+01  1.65574677E+03
  9.58639093E-01  4.86989118E-01  4.05499164E+01  1.68258511E+03
  9.59973316E-01  4.89066656E-01  4.07743537E+01  1.70965942E+03
  9.61307538E-01  4.91152131E-01  4.09986892E+01  1.73697123E+03
  9.62641761E-01  4.93245570E-01  4.12229231E+01  1.76452206E+03
  9.63975984E-01  4.95346999E-01  4.14470555E+01  1.79231344E+03
  9.65310207E-01  4.97456446E-01  4.16710864E+01  1.82034691E+03
  9.66644430E-01  4.99573937E-01  4.18950160E+01  1.84862402E+03
  9.67978652E-01  5.01699501E-01  4.21188443E+01  1.87714631E+03
  9.69312875E-01  5.03833164E-01  4.23425716E+01  1.90591537E+03
  9.70647098E-01  5.05974953E-01  4.25661979E+01  1.93493275E+03
  9.71981321E-01  5.08124898E-01  4.27897232E+01  1.96420004E+03
  9.73315544E-01  5.10283024E-01  4.30131478E+01  1.99371881E+03
  9.74649767E-01  5.12449360E-01  4.32364718E+01  2.02349068E+03
  9.75983989E-01  5.14623933E-01  4.34596952E+01  2.05351723E+03
  9.77318212E-01  5.16806772E-01  4.36828181E+01  2.08380009E+03
  9.78652435E-01  5.18997904E-01  4.39058407E+01  2.11434086E+03
  9.79986658E-01  5.21197357E-01  4.41287630E+01  2.14514118E+03
  9.81320881E-01  5.23405159E-01  4.43515852E+01  2.17620269E+03
  9.82655103E-01  5.25621340E-01  4.45743074E+01  2.20752702E+03
  9.83989326E-01  5.27845925E-01  4.47969297E+01  2.23911583E+03
  9.85323549E-01  5.30078946E-01  4.50194522E+01  2.27097077E+03
  9.86657772E-01  5.32320428E-01  4.52418750E+01  2.30309352E+03
  9.87991995E-01  5.34570402E-01  4.54641982E+01  2.33548576E+03
  9.89326217E-01  5.36828896E-01  4.56864219E+01  2.36814916E+03
  9.90660440E-01  5.39095938E-01  4.59085463E+01  2.40108543E+03
  9.91994663E-01  5.41371557E-01  4.61305714E+01  2.43429626E+03
  9.93328886E-01  5.43655783E-01  4.63524973E+01  2.46778336E+03
  9.94663109E-01  5.45948643E-01  4.65743242E+01  2.50154846E+03
  9.95997332E-01  5.48250168E-01  4.67960521E+01  2.53559327E+03
  9.97331554E-01  5.50560386E-01  4.70176811E+01  2.56991955E+03
  9.98665777E-01  5.52879326E-01  4.72392115E+01  2.60452903E+03
  1.00000000E+00  5.55207018E-01  4.74606432E+01  2.63942346E+03
